-50.98034624305146 
-50.59879212004234 
-50.792865743125624 
-50.97618981741064 
-51.52417524333437 
-50.430359625960584 
-51.311280409963274 
-50.635268390122235 
-50.7673522851977 
-50.287875597096615 
-51.02889721565883 
-51.235629370457 
-50.783441731285 
-50.34310096510945 
-50.664970712461795 
-50.56897603274066 
-50.62518432218978 
-50.77735273642538 
-50.57917838265328 
-50.674023124942345 
-51.05059809242114 
-50.740844120666104 
-30.472486524941985 
-50.24946600364309 
-50.3350818195834 
-50.66127147931746 
-50.75390875492862 
-50.95752618255052 
-50.78450166401421 
-50.93759238500672 
-50.512959393755324 
-50.52545583126647 
-51.16220728178423 
-51.13452798857955 
-50.74341691008643 
-50.40153354558762 
-50.99634452602976 
-50.752290081066946 
-30.807983544419937 
-50.793912932962286 
-50.77607344101794 
-51.01954165373532 
-51.141151519342394 
-50.42084443720556 
-50.209741050781055 
-51.02168347683934 
-50.565078315645074 
-51.04817757366624 
-50.84553752118575 
-51.13552382970403 
-50.98103447768315 
-50.24078966274937 
-50.704290111827966 
-50.77510785734185 
-30.615968959490072 
-50.46676167913314 
-50.63620933132937 
-50.632230295866634 
-50.50048800891737 
-30.43524625590085 
-50.95027023808908 
-50.40271559051707 
-50.90592734591772 
-50.461303582251034 
-50.73644243586862 
-50.256074284157144 
-50.66073549261425 
-50.912342637935794 
-50.87361885660235 
-50.785354628304376 
-50.61389754956377 
-50.81918637223429 
-50.560171965444766 
-50.78615354919027 
-50.816508393035384 
-30.40595394536406 
-50.66966811326437 
-51.023368170902 
-50.946975501281024 
-50.576246648368304 
-50.7983484973598 
-51.1171928982544 
-51.04347661788317 
-51.14257952371582 
-50.60699971310823 
-30.385106016479444 
-51.06448901812683 
-50.70777261606558 
-51.04054232110658 
-50.9272000286855 
-50.78643219197453 
-51.10388008486944 
-50.87177449513682 
-50.97447954003238 
-50.52435582930268 
-50.88475827187615 
-50.43704869451347 
-30.504661810389706 
-51.202885642922126 
-50.848538653605246 
-50.87376239307014 
-50.83329225080975 
-50.737781013498434 
-50.82586069490909 
-50.81508017057256 
-50.41250352907372 
-50.920776769201936 
-30.61242635680304 
-50.85423004611252 
-50.38390502773359 
-50.50945241949546 
-50.92430231613936 
-50.559169264303826 
-50.609240094843514 
-50.64550906098809 
-50.87095852918274 
-51.161051849702 
-50.972463682386945 
-50.98046455618816 
-50.49260451550853 
-50.34019919997979 
-51.15136629037462 
-50.91217116391354 
-50.56790574782435 
-50.543573887941115 
-50.8212791960495 
-50.22738889210232 
-50.873162874191934 
-50.94391471284541 
-50.667628829309805 
-30.364645228231296 
-50.46842940024085 
-50.97672225332308 
-50.95098471138324 
-50.5766250451415 
-30.302317925650044 
-51.07966786637114 
-51.026546930918634 
-51.24370373892771 
-50.96212442442699 
-51.032103668748704 
-50.60111583932547 
-50.79393073689407 
-50.997972073057085 
-30.215902397763493 
-51.049393074974034 
-50.905149528047055 
-50.50723802098691 
-50.81304656671529 
-51.085069334346876 
-50.9390681191094 
-50.45665029932784 
-51.03779088795169 
-50.498106768327816 
-51.44883401239466 
-51.1461588062312 
-50.514108524348366 
-30.23195247858123 
-51.15547358471312 
-51.19683033994608 
-50.74688601719516 
-51.097274803922716 
-50.87919551064524 
-50.91087644933587 
-51.458303550058545 
-51.06596135399261 
-41.45416408724901 
-51.220283691217794 
-30.31918418689647 
-50.975059939877184 
-50.81113747111826 
-30.27779987452546 
-51.28451771802197 
-50.960047533134706 
-51.18822875489839 
-50.34277529415171 
-51.63734294741628 
-50.85181026995836 
-30.579059911519167 
-30.5766335579768 
-51.54224765354596 
-51.19122957077834 
-50.820272636349465 
-51.19224149211219 
-51.36421030925198 
-51.07673406216136 
-51.41100826310297 
-30.19985089449184 
-51.165881154226916 
-41.3558366431271 
-50.820404351828934 
-51.12592710607736 
-51.168624348943965 
-50.98965743986541 
-50.31883424419245 
-30.02221000626131 
-50.91865848610565 
-51.17687859857966 
-51.24683819264216 
-51.04456800261796 
-51.135386489027916 
-51.25340745688082 
-41.45446905088052 
-51.39954709391807 
-51.48098910139663 
-51.23176441826579 
-41.13352708795139 
-51.32477821950725 
-30.295616517469988 
-41.21171928206998 
-41.48674642273754 
-40.868132212064154 
-51.57191049914029 
-50.43996352521756 
-50.27138422118424 
-51.335208926033616 
-51.39874083899591 
-41.450285341617544 
-51.2819764181522 
-41.162012318929165 
-30.86117557974556 
-41.48326181732777 
-51.115658274484474 
-51.38482145256817 
-51.046906344914895 
-41.155050764878986 
-51.244178627801126 
-51.39723421914799 
-51.51745427826483 
-51.363496924120284 
-51.37356284348595 
-50.739460590939984 
-41.24252309329766 
-41.36147363082155 
-30.239494881214128 
-51.02110159408907 
-50.24028261815464 
-51.17956523888954 
-30.236507711680208 
-51.46201749674157 
-51.01137625093052 
-51.33225874246694 
-41.06995276807651 
-41.35826202846732 
-41.110990642070924 
-41.36600850887545 
-41.26359042374679 
-50.25169427028145 
-50.947148504236345 
-30.263509582280545 
-41.16578794018423 
-51.42681588109269 
-51.159106142943116 
-41.19487328515936 
-51.23602113793126 
-41.53220927751438 
-50.91378260668506 
-30.382224567714896 
-50.46503065686074 
-41.47171373389589 
-41.46470504894688 
-41.25973021659796 
-51.30853041140604 
-50.340223716360384 
-50.53552213569694 
-51.12146322488282 
-41.28402531695514 
-50.40534307902769 
-51.213828085183025 
-31.030382460204894 
-50.25097446402926 
-50.378731224818075 
-51.33297698994798 
-41.2092607523465 
-51.19321482516217 
-50.71871419464595 
-41.18784880228157 
-51.494037917889514 
-51.15851419874875 
-41.49388342900177 
-41.389711911793626 
-51.09113006335883 
-41.56007499012914 
-51.46748559306402 
-51.24540120246247 
-51.2008597962007 
-30.497745496283468 
-41.214726586633 
-30.264228803971918 
-41.23504963681417 
-51.55738663993294 
-41.13095854893179 
-50.31369385410018 
-41.58568264553686 
-50.841288901656384 
-30.45640298330774 
-50.746146526963116 
-41.446643094845946 
-41.23789683113086 
-51.150725082865904 
-51.647773990585165 
-51.00805868074298 
-41.38198954712407 
-40.94097562316704 
-51.241133056015386 
-51.19776579024304 
-50.936030693583085 
-41.369911626068934 
-41.26556586588482 
-41.417411130042765 
-41.432881985697804 
-41.50298738614712 
-51.216144068297645 
-41.441744764266105 
-30.36539603213634 
-41.41743375358553 
-41.23561882557997 
-51.312033216813724 
-41.298634775217046 
-30.531908998463138 
-50.98316750264263 
-41.648205900013295 
-30.293347069939838 
-41.44844492833365 
-41.34411742408685 
-41.56417199230882 
-41.11135444596777 
-30.351314404789278 
-30.271010354048187 
-51.35315716692253 
-41.28369278777355 
-41.349479185426965 
-51.72821679104129 
-41.49185746329164 
-51.1677661628983 
-41.30022006542204 
-30.16186944401305 
-41.39287817136408 
-41.379391355801545 
-51.02892355119139 
-30.855605409785 
-41.12003696183137 
-41.39607858121827 
-41.207918925108615 
-51.474228295084 
-41.16970381129953 
-41.315383668259436 
-41.266973167659785 
-41.12440312650349 
-41.36350840781422 
-30.172364985076467 
-30.276031404425225 
-30.528538459886708 
-30.362928124200316 
-30.61505027901251 
-41.29108915199356 
-50.37987845968205 
-41.05274136651814 
-41.05571710526956 
-41.49156533233887 
-41.01836787611579 
-41.29726255960648 
-41.227376898393636 
-41.423974063204035 
-41.5667691265517 
-41.18376355846399 
-40.927314236077805 
-41.135659260805234 
-30.41447466428649 
-30.296313718161986 
-41.36003788614321 
-50.34220351607778 
-41.333450433134374 
-30.228415328302365 
-30.344140877077994 
-30.563977889365123 
-41.215108833914265 
-41.300020914805195 
-41.2152263514467 
-41.506577156422836 
-30.420392190016116 
-41.12906647545367 
-50.42933722909229 
-41.679930481228126 
-30.27094291224926 
-41.17711988852795 
-41.193236498123206 
-50.32558516028983 
-41.19533708622711 
-41.21802395049562 
-30.43446541727081 
-30.419912956565025 
-41.368011021769625 
-30.416419754200877 
-41.24629281759538 
-41.394436247330205 
-30.381899983779935 
-41.09832127914923 
-41.40649973703848 
-41.255042843949774 
-41.58642472676852 
-41.272846065043126 
-41.32201527719751 
-30.427942196213035 
-41.188662843613926 
-41.47593666160559 
-41.26167402871432 
-41.4432038577659 
-30.402172270164417 
-41.266717225420116 
-41.62247281592973 
-41.19788181709672 
-41.36950940354785 
-41.39965628736238 
-41.393033563159435 
-41.31099600776242 
-30.40670738936294 
-41.48150285214407 
-41.140764083577515 
-30.350902708652956 
-41.50750700180725 
-41.36364560156449 
-41.23897589470827 
-30.276107720625184 
-30.302233646946373 
-41.0196134291616 
-30.3945752068826 
-50.36087084700991 
-30.3477169039255 
-30.36063916254791 
-41.54837988929941 
-41.38809209305034 
-51.042508632235105 
-30.224838862062466 
-51.07226015852241 
-50.42954734522207 
-41.38540336334393 
-41.55108612130599 
-30.404332370856864 
-50.5263694259998 
-40.9592251439536 
-50.37655913257755 
-50.491950793003085 
-41.416124461140186 
-41.31202259587064 
-30.47354434623469 
-30.404404981111973 
-41.23407015389246 
-30.555241581315343 
-41.529626926904264 
-30.466866969155987 
-41.55159322403219 
-51.506100293369116 
-30.26177989018268 
-30.231972057114405 
-40.99101372082941 
-41.05026521092438 
-41.411076510656045 
-41.320586907764856 
-41.182727592027376 
-30.25896921486238 
-50.76031784055603 
-30.532906247169358 
-41.303308447747966 
-41.44535492444353 
-51.03273754131585 
-51.13908145312426 
-30.214851414292134 
-30.64010161047198 
-41.20649174911413 
-41.411058814970175 
-40.92926029390948 
-41.21131160979666 
-41.45525897234396 
-41.3761510640395 
-41.17407906068726 
-50.31861632026369 
-50.37328373470163 
-30.657959186895827 
-41.371436869731674 
-41.4017638084625 
-50.31632068523208 
-51.11887811125309 
-41.16526298516347 
-41.1095786274854 
-51.44549049814458 
-41.00397487063926 
-41.56498903375145 
-30.338505038703108 
-41.22505397179858 
-50.30370618641823 
-41.54775801862248 
-40.94545520547183 
-30.29824761839127 
-41.29570900244815 
-41.14754503792121 
-41.631247547443564 
-30.44040043494554 
-40.889686566676914 
-51.23874249736657 
-41.13156145117386 
-50.44429071303993 
-41.295025288588015 
-50.411627129153175 
-50.301721408148516 
-41.342293271722575 
-41.512099175232 
-30.476128050736186 
-50.330430096537626 
-30.464113422370083 
-41.09978135597064 
-51.1212972997781 
-41.11280104914214 
-50.45556356306342 
-50.388186221582885 
-41.403470038444226 
-50.29023921679916 
-50.368139685787064 
-30.61555061231024 
-30.798780721613205 
-41.42502151171186 
-50.52358262958461 
-30.44161114166916 
-41.3599177260654 
-41.2378001611747 
-50.34067602292809 
-30.47152433988714 
-50.273009035926805 
-30.426202909225555 
-41.05722587080526 
-30.522138441134693 
-30.396614905187572 
-30.343962801031342 
-30.440741766319395 
-30.51859477869953 
-50.422517549857794 
-41.23527100437192 
-41.61838150452172 
-51.27755572000614 
-30.282446677718813 
-41.61347985346044 
-30.511693977929863 
-41.406662202748656 
-41.53185756951694 
-41.31739494251696 
-30.696771745387316 
-50.16184376599695 
-41.514639857465895 
-30.280100542299373 
-41.59909898686864 
-30.387078455971036 
-30.43175202275337 
-41.52018269303183 
-41.51812744144701 
-51.127150809056126 
-41.2120070313621 
-30.37087965743857 
-41.46765713947452 
-30.443403018486308 
-41.35736243384635 
-30.460995934474468 
-30.448128422166718 
-41.2532426135798 
-41.5135442485115 
-41.62041929593319 
-30.355586507191564 
-41.4011714590006 
-30.461589087163272 
-41.24885926945679 
-41.53975224127473 
-41.38141735667582 
-50.40874588804838 
-41.52291402994759 
-30.274403738521645 
-30.39639358977826 
-41.36805813456679 
-41.12749426395417 
-41.67228896795827 
-30.49783684566989 
-41.50375878491078 
-51.39732205221441 
-41.594821341912414 
-51.42896224815282 
-41.51900376553447 
-41.074067625042645 
-41.34787862928487 
-41.32087259924237 
-41.531512016951645 
-41.334694821177465 
-41.20782524103233 
-41.40425700317815 
-30.347287127937363 
-41.33874642454441 
-30.388575810967918 
-41.244620428166 
-41.48004444134307 
-50.52051195409895 
-50.48508066214245 
-50.54795385799461 
-41.54473031119939 
-41.19648874929729 
-41.293406334748404 
-50.243828256813934 
-41.44732633134941 
-50.27191327150012 
-51.33311871764018 
-41.10603691867636 
-50.312609206011956 
-30.947879017748505 
-50.471014799019564 
-50.35225247865906 
-41.56099827546054 
-30.49465713837437 
-50.376502426406745 
-50.381152409484756 
-50.41115361822947 
-41.47652648217755 
-50.443065890651994 
-50.460811301042675 
-41.499615885875954 
-30.201374969743817 
-30.328430605194338 
-50.710267843975174 
-41.2848341502245 
-30.17358161857669 
-41.211400237243936 
-41.10730180323495 
-41.043792507158685 
-30.272737272080832 
-40.96282183012683 
-50.34334758080665 
-41.295417561707076 
-50.53798314832903 
-31.35871784426614 
-50.3319964033967 
-50.30336276432194 
-41.373756061475355 
-41.221839517977735 
-30.147215310736566 
-50.69380454711492 
-30.398955245035133 
-51.31375644648936 
-41.3302796253781 
-41.3659376610441 
-41.03594887195537 
-41.25179448167579 
-50.89535819037626 
-41.34561911632038 
-50.88692765911757 
-51.0408207861988 
-41.442113793452926 
-41.594351179258936 
-51.171730064619624 
-41.56127538787794 
-41.617247186283876 
-41.395797723794956 
-41.27547545404649 
-41.49055079343205 
-41.53761109874264 
-41.54183446049251 
-51.28267657762335 
-41.30542147857672 
-51.17742476334322 
-51.539572862149186 
-51.17561554788385 
-41.27501226229198 
-41.28121123974703 
-41.41207884090663 
-30.353933883159353 
-51.16049857239995 
-41.59456323048835 
-41.38911792586795 
-51.562573588248576 
-51.08210786273761 
-41.228826561482975 
-41.435604461157126 
-41.6255582536961 
-41.53683808030282 
-51.15757198666621 
-30.40187290982454 
-41.40942575975172 
-50.86930340630874 
-41.63055942357724 
-41.63985305760857 
-41.481758339836325 
-41.03706342299657 
-41.39640701234848 
-41.354533668793714 
-41.64317497953436 
-41.28492930814862 
-41.20437103406623 
-50.79984332351398 
-41.44909715539541 
-41.08440281810484 
