-54.21999999999996 
-53.63799999999996 
-53.38799999999997 
-56.91599999999992 
-51.078 
-57.04399999999989 
-54.31599999999994 
-53.369999999999976 
-58.919999999999845 
-56.06799999999992 
-58.45399999999986 
-57.57599999999987 
-53.62999999999997 
-53.935999999999964 
-52.475999999999985 
-59.62799999999983 
-54.96799999999995 
-55.88199999999994 
-53.46199999999996 
-57.739999999999824 
-56.73499999999987 
-57.15199999999988 
-55.27199999999993 
-56.097999999999885 
-57.74999999999988 
-56.91399999999989 
-59.633999999999865 
-54.90999999999994 
-52.223 
-56.68599999999988 
-36.175999999999895 
-56.277999999999885 
-57.34599999999991 
-53.90399999999996 
-55.889999999999915 
-55.965999999999916 
-53.673999999999964 
-58.42399999999989 
-53.67799999999996 
-57.22599999999983 
-56.8009999999999 
-52.65399999999999 
-57.613999999999876 
-54.616999999999955 
-55.457999999999906 
-37.2099999999998 
-56.93199999999986 
-53.315999999999974 
-59.379999999999896 
-56.357999999999876 
-56.917999999999886 
-58.593999999999795 
-57.417999999999836 
-57.17599999999985 
-55.97999999999992 
-55.98799999999993 
-54.97999999999994 
-56.091999999999935 
-57.295999999999886 
-55.975999999999914 
-57.54999999999986 
-57.06999999999988 
-38.95799999999979 
-56.909999999999876 
-38.94599999999983 
-57.62599999999987 
50.883 
-57.14499999999987 
-57.105999999999895 
-55.15499999999991 
-57.55199999999988 
-57.351999999999904 
-58.999999999999794 
-57.79199999999984 
-59.6279999999998 
-56.235999999999876 
-57.29199999999988 
-57.15999999999983 
-55.32399999999994 
-57.88399999999986 
-38.22699999999983 
-60.08799999999982 
-57.18599999999989 
-57.11999999999984 
-58.49999999999984 
-57.96999999999984 
-38.12999999999981 
-58.45799999999984 
-55.777999999999906 
-54.78199999999992 
-54.281999999999954 
-56.551999999999865 
-56.13599999999988 
50.955 
-56.25199999999989 
-39.18399999999987 
-59.449999999999854 
-57.92999999999983 
-58.86999999999981 
-56.15999999999987 
-55.521999999999885 
-57.21399999999988 
-59.17199999999982 
-55.485999999999876 
-55.48399999999987 
-56.19199999999988 
-57.39399999999986 
-56.425999999999874 
-57.092999999999854 
-55.88299999999989 
-56.745999999999896 
-56.431999999999896 
-57.867999999999824 
-57.079999999999885 
-56.72799999999988 
-37.91799999999986 
-54.37199999999994 
-56.85399999999992 
-57.521999999999835 
-38.31599999999982 
-56.445999999999856 
-37.47599999999983 
-37.96599999999979 
-56.095999999999904 
-56.49399999999985 
-36.68299999999989 
-55.855999999999874 
-57.66799999999984 
-56.43599999999988 
-57.58199999999985 
-58.22199999999982 
-37.231999999999815 
-57.11199999999986 
-54.81399999999992 
-58.83199999999985 
-58.39599999999979 
-55.75199999999989 
-58.80999999999985 
-56.73799999999984 
-56.99199999999984 
-57.963999999999785 
-56.259999999999856 
-57.13399999999985 
-37.05299999999983 
-39.489999999999796 
-55.96799999999988 
-55.63599999999989 
-38.121999999999815 
-56.65199999999988 
-56.39399999999989 
-57.08399999999985 
-39.04599999999982 
-54.577999999999925 
-58.1239999999998 
-57.73199999999984 
-56.465999999999866 
-57.71999999999984 
-56.61399999999986 
-57.01999999999988 
-56.63599999999987 
-56.28599999999989 
-55.64199999999986 
-56.969999999999835 
-57.26599999999981 
-55.50399999999991 
-53.35799999999997 
-57.929999999999794 
-56.61799999999987 
-51.544000000000004 
-56.90599999999983 
-56.70599999999986 
-56.527999999999885 
-58.30399999999985 
-58.465999999999816 
-56.66599999999988 
-56.01999999999987 
-56.52599999999983 
-59.60199999999985 
-57.06199999999985 
-56.579999999999885 
-56.27999999999989 
-55.56999999999989 
-56.255999999999865 
-55.863999999999876 
-56.06199999999987 
-55.31799999999989 
-56.22799999999988 
-56.34999999999989 
-56.18799999999989 
-56.271999999999856 
-58.33199999999979 
-56.26599999999988 
-36.849999999999866 
-38.17999999999981 
-54.76199999999993 
-37.4659999999998 
-59.17999999999979 
-57.15799999999984 
-55.698999999999906 
-58.185999999999844 
-57.24199999999981 
-59.06399999999981 
-58.81399999999981 
35.978 
-56.60199999999985 
-58.755999999999815 
-56.452999999999854 
-58.79999999999984 
-57.61399999999979 
-59.13999999999985 
-55.94999999999989 
-37.58499999999981 
-58.88199999999979 
-55.629999999999896 
-58.52399999999977 
-37.79799999999978 
-57.90199999999979 
-55.62799999999993 
-55.6989999999999 
-37.20399999999982 
-55.67699999999987 
-40.091999999999814 
-57.01399999999985 
-38.38999999999978 
-55.53399999999988 
-59.27199999999983 
-57.7879999999998 
-55.43399999999989 
-56.25199999999986 
-50.654 
-56.66799999999987 
-38.771999999999835 
-56.62599999999987 
-57.86999999999986 
-55.8059999999999 
-56.64899999999984 
-56.129999999999896 
-58.101999999999805 
-59.0059999999998 
-55.57499999999991 
-57.67599999999983 
-56.281999999999854 
-58.42199999999977 
-57.23799999999983 
-56.19499999999987 
-58.44599999999974 
-56.691999999999844 
-56.00999999999988 
-37.38299999999985 
-56.68399999999989 
-55.68399999999988 
50.673 
-55.2649999999999 
-56.077999999999854 
-58.853999999999836 
-56.37199999999986 
-58.46399999999982 
-57.65399999999988 
-57.5719999999998 
-55.64999999999988 
-56.13599999999991 
-56.31599999999989 
-58.0319999999998 
-58.62799999999984 
-56.21399999999985 
-56.5839999999999 
-57.407999999999845 
-58.28799999999976 
35.978 
-55.6009999999999 
-56.94199999999988 
-56.00399999999987 
-56.71199999999987 
-55.66599999999989 
-57.2559999999999 
36.021 
-56.34199999999987 
-38.48599999999978 
-57.99599999999984 
-57.36599999999985 
-57.42599999999985 
-58.28799999999978 
-56.1259999999999 
-37.455999999999804 
-58.831999999999795 
-58.45999999999984 
-57.09599999999986 
-57.31199999999986 
-36.98099999999983 
-57.957999999999785 
-57.18999999999986 
-56.94399999999985 
-56.175999999999846 
-56.00199999999988 
-57.10799999999982 
-59.22599999999982 
-57.00199999999988 
-55.58999999999987 
-56.53999999999986 
-57.47399999999986 
-55.3369999999999 
-56.78399999999982 
-56.05399999999989 
-39.967999999999805 
-57.73799999999986 
-55.88699999999988 
-55.51599999999989 
-57.265999999999806 
-57.78999999999985 
-55.614999999999895 
-36.47099999999987 
-55.65799999999993 
-56.57899999999985 
-55.94199999999988 
-56.88599999999985 
-56.54799999999989 
-57.00599999999989 
-56.37399999999985 
-56.5179999999999 
-56.76399999999984 
-58.275999999999755 
-58.75799999999978 
-56.037999999999876 
-55.2489999999999 
-38.03599999999981 
-56.29499999999987 
35.935 
-37.28799999999983 
-56.82599999999984 
-56.8799999999999 
-59.36199999999983 
-58.813999999999766 
-56.23599999999987 
-56.545999999999886 
-40.489999999999824 
-58.37399999999977 
-59.14999999999981 
-55.74599999999988 
-37.48999999999981 
-37.43999999999986 
-57.39799999999982 
-56.39599999999985 
-57.8619999999998 
-58.48399999999978 
50.933 
-37.16899999999984 
-55.57299999999988 
-55.0829999999999 
-55.46099999999989 
-40.087999999999795 
-56.77199999999984 
-55.517999999999894 
-56.66199999999985 
-56.91599999999981 
-57.003999999999884 
-36.52299999999983 
-59.20999999999978 
-56.00199999999989 
-56.557999999999886 
-58.449999999999804 
-56.667999999999836 
-56.23599999999992 
-57.07999999999986 
-38.61999999999978 
-59.31799999999983 
-38.36799999999974 
-57.24999999999986 
-55.87799999999988 
-57.943999999999825 
-56.47999999999983 
-55.70799999999987 
-55.41799999999987 
-52.346 
-38.633999999999766 
-37.636999999999794 
-57.5999999999998 
-56.97999999999983 
-56.933999999999855 
-55.4929999999999 
-56.62399999999985 
-38.899999999999764 
-55.2819999999999 
-37.13599999999982 
-57.97399999999984 
-57.5619999999998 
-59.43199999999979 
-59.843999999999795 
-36.89399999999982 
-57.29599999999983 
-57.20599999999983 
-57.495999999999846 
-57.307999999999815 
-39.489999999999796 
-56.29799999999988 
-56.311999999999856 
-36.72399999999984 
-55.76199999999987 
-56.61999999999985 
-58.467999999999805 
-55.677999999999884 
-55.316999999999894 
-56.20399999999987 
-36.93199999999982 
-56.709999999999894 
-56.37799999999985 
-55.72999999999988 
-57.01399999999984 
-56.40599999999991 
-55.53499999999989 
-55.588999999999885 
-52.76599999999998 
-57.41799999999983 
-40.16199999999979 
-38.701999999999806 
-58.699999999999854 
-54.922999999999924 
-56.58399999999984 
-36.317999999999856 
-56.90799999999987 
-56.27699999999985 
-56.79399999999982 
-36.61499999999983 
-57.006999999999834 
-56.59599999999987 
-58.4379999999998 
-56.1159999999999 
-55.89599999999987 
-57.09599999999984 
-56.36399999999988 
-55.54299999999989 
-38.683999999999784 
-59.131999999999834 
-56.153999999999876 
-55.23499999999989 
-56.345999999999854 
-57.295999999999815 
-56.0299999999999 
-58.481999999999815 
-59.7679999999998 
-56.04199999999988 
-57.01399999999985 
-56.66599999999989 
-55.795999999999886 
-57.33599999999985 
-56.42399999999988 
-57.06999999999982 
-37.31599999999986 
-56.40399999999984 
-38.345999999999826 
-56.41999999999987 
-57.98399999999987 
-57.12599999999982 
-56.74999999999988 
-58.1539999999998 
-37.739999999999824 
-38.22199999999985 
-37.89199999999978 
-49.422 
-56.14799999999988 
-56.72999999999982 
50.926 
-57.81399999999986 
-56.60999999999986 
-55.93599999999989 
-50.5 
-56.86599999999985 
-57.709999999999816 
-38.86199999999976 
-57.021999999999814 
-58.749999999999844 
-59.09199999999987 
-56.14599999999986 
-56.18499999999986 
-36.47499999999983 
-59.96199999999982 
-58.55799999999977 
-58.16799999999985 
-56.56499999999984 
-57.45599999999983 
-55.61499999999989 
-55.89799999999991 
-58.43199999999981 
-55.61399999999989 
36.015 
-56.68799999999983 
-39.543999999999826 
-58.439999999999785 
-37.197999999999816 
-56.995999999999896 
-39.183999999999855 
-35.830999999999875 
-58.90199999999982 
-56.38699999999985 
-58.69799999999981 
-58.56199999999983 
-55.38699999999991 
-57.847999999999864 
-58.36999999999986 
-57.45999999999984 
-36.97999999999981 
-55.049999999999905 
-59.03399999999981 
-57.01399999999986 
-59.111999999999824 
-57.81999999999979 
-57.29999999999982 
-57.70599999999982 
-59.777999999999786 
-59.973999999999805 
-55.76799999999989 
-56.46699999999985 
-57.711999999999776 
-57.62799999999979 
-55.68199999999989 
-56.098999999999876 
-56.391999999999854 
-38.18599999999977 
-57.95999999999979 
-58.723999999999776 
-56.089999999999876 
-39.08399999999975 
-56.83799999999985 
-55.62599999999987 
-55.83199999999988 
-58.379999999999825 
-58.14999999999978 
-56.41199999999988 
-56.763999999999896 
-39.10799999999975 
-59.9839999999998 
-56.88199999999985 
-56.926999999999836 
-55.0979999999999 
-57.619999999999884 
-57.099999999999824 
-55.76599999999988 
-39.55599999999982 
-55.72199999999987 
-56.607999999999905 
-57.44199999999987 
-59.53799999999979 
-55.82299999999988 
-56.61999999999987 
-57.49799999999982 
-36.9419999999998 
-58.10799999999982 
-56.37099999999987 
-55.3259999999999 
-58.9879999999998 
-56.18799999999986 
-58.46999999999977 
-57.479999999999855 
-56.105999999999916 
-56.92399999999986 
-56.33399999999987 
-57.08999999999983 
-58.88199999999978 
-55.79199999999988 
-39.26399999999978 
-56.81199999999983 
-57.507999999999804 
-55.434999999999896 
-58.065999999999846 
-58.70199999999981 
-55.996999999999886 
-57.283999999999885 
-57.43999999999982 
-57.32399999999982 
-58.1419999999998 
-56.099999999999895 
-59.1079999999998 
-57.669999999999824 
-55.96199999999986 
-39.61399999999978 
-55.17899999999991 
-39.82599999999985 
-57.011999999999816 
-52.74599999999999 
-56.92399999999987 
-56.93799999999983 
-56.69599999999986 
50.993 
-54.583999999999946 
-57.75199999999981 
-55.69499999999989 
-50.868 
-38.65999999999978 
-56.27999999999986 
-58.44599999999979 
-57.551999999999786 
-38.40399999999976 
-51.316 
-56.93399999999982 
-57.135999999999825 
-56.34199999999985 
-38.52199999999981 
-57.43999999999983 
-58.02599999999978 
-58.02199999999982 
-58.279999999999845 
-39.25999999999974 
-59.199999999999825 
-58.31999999999979 
-59.52199999999987 
-56.073999999999884 
-57.22599999999983 
-56.42999999999985 
-57.54599999999983 
-56.37399999999985 
-55.829999999999885 
-56.637999999999856 
-57.447999999999816 
-59.229999999999784 
-55.6569999999999 
-55.70399999999989 
50.867 
-57.27399999999989 
-37.40899999999982 
-55.15099999999991 
-57.50799999999978 
-57.05799999999982 
-56.34199999999989 
-56.57599999999985 
-39.0239999999998 
-39.587999999999845 
-58.91799999999981 
-36.94499999999987 
-55.19399999999991 
-56.39599999999989 
-56.25399999999985 
-56.791999999999874 
-58.77999999999974 
-57.68799999999987 
-59.12399999999984 
-55.75499999999988 
-57.33999999999987 
-56.8259999999999 
51.178 
-57.6839999999998 
-58.31199999999978 
-56.73999999999985 
-58.09399999999984 
-55.12299999999991 
-55.617999999999896 
-56.38599999999987 
-57.57199999999983 
-58.484999999999815 
-56.48599999999985 
36.263999999999996 
-39.07599999999982 
-57.39799999999987 
-55.460999999999885 
-56.21799999999987 
-57.235999999999834 
-57.435999999999865 
-56.643999999999885 
-38.437999999999754 
-57.30299999999983 
-57.51999999999981 
-37.66799999999982 
-57.35199999999983 
-58.75399999999985 
-37.547999999999824 
-55.61199999999989 
-38.59599999999976 
-55.467999999999904 
-39.107999999999784 
-55.94299999999987 
-58.803999999999824 
-56.12999999999988 
-57.10199999999984 
-50.54 
-57.55799999999985 
-37.08599999999983 
-57.8639999999998 
-50.926 
-55.3379999999999 
-58.985999999999876 
-57.24799999999985 
-57.257999999999846 
-56.38399999999986 
-56.43799999999985 
-57.35799999999983 
-55.6919999999999 
-49.201 
-57.29399999999984 
-56.541999999999874 
-39.909999999999805 
-50.628 
-58.05399999999982 
-57.06799999999985 
-56.681999999999896 
-59.87399999999978 
-55.861999999999874 
-50.804 
-56.97799999999987 
-59.2139999999998 
-57.53399999999985 
-57.647999999999804 
-55.26599999999989 
-58.129999999999825 
-57.24199999999981 
-39.82799999999982 
-58.573999999999856 
-56.5479999999999 
-57.139999999999816 
-55.12999999999991 
-58.13999999999983 
-58.581999999999866 
-56.927999999999855 
-38.214999999999826 
-40.30599999999981 
-57.16399999999987 
-37.1859999999998 
-38.42399999999978 
-57.665999999999805 
-55.843999999999895 
-59.2799999999998 
-51.672000000000004 
-55.003999999999934 
-57.83199999999986 
-59.815999999999796 
-39.445999999999756 
-55.545999999999914 
-56.81799999999987 
-57.63799999999979 
-56.31399999999988 
-58.33199999999985 
-55.55199999999989 
-56.46999999999986 
-55.77399999999988 
-55.75799999999991 
-39.789999999999836 
-58.00199999999984 
-57.26399999999984 
-56.55999999999985 
-56.853999999999886 
-56.6719999999999 
-58.38199999999981 
-57.13999999999986 
-40.311999999999784 
-38.86399999999988 
-58.397999999999826 
-56.97199999999989 
-58.54999999999983 
-56.02399999999988 
-57.03799999999987 
-57.72399999999983 
-57.70399999999983 
-56.0599999999999 
-56.51699999999984 
-58.33399999999978 
-58.439999999999785 
-56.2699999999999 
-56.21399999999987 
-57.29799999999987 
-56.63799999999985 
-57.609999999999836 
-56.70799999999986 
-58.99599999999976 
-56.22199999999988 
-55.94799999999991 
-56.15999999999985 
-38.929999999999794 
-40.15999999999984 
-58.60799999999982 
-57.475999999999836 
-55.01799999999994 
-56.58999999999985 
-57.18299999999986 
-58.753999999999806 
-55.65399999999988 
-37.36799999999982 
-35.50899999999991 
-57.883999999999865 
-56.80399999999984 
-56.52799999999989 
-57.26799999999983 
-56.589999999999876 
-56.32999999999985 
-55.50399999999993 
-57.4219999999998 
-56.25999999999986 
-57.007999999999825 
-36.74099999999983 
-56.349999999999845 
-56.32199999999988 
-56.61599999999985 
-55.67499999999988 
-56.295999999999864 
-55.75199999999988 
-37.921999999999834 
-39.085999999999814 
-57.46599999999982 
-53.85899999999996 
-55.78299999999989 
-39.47199999999977 
-57.26999999999983 
-58.94799999999982 
-58.957999999999785 
-58.39399999999982 
-52.54599999999998 
-51.04 
-40.43199999999982 
-57.141999999999854 
-55.269999999999904 
-58.93599999999983 
-51.726 
-55.987999999999886 
-37.15799999999984 
-39.10799999999983 
-59.315999999999775 
-37.93799999999983 
-56.88999999999984 
-56.341999999999906 
-56.95199999999982 
-55.114999999999924 
-57.57799999999982 
-56.88999999999984 
-59.545999999999786 
-37.08599999999984 
-57.199999999999875 
-56.13999999999987 
-55.53599999999991 
-57.11999999999985 
-56.443999999999875 
-57.27599999999985 
-56.39799999999987 
-58.6719999999998 
-57.575999999999844 
-56.7619999999999 
-56.79199999999985 
-56.97699999999988 
-57.01799999999989 
-38.25899999999981 
-57.14999999999982 
-56.937999999999874 
-56.471999999999866 
-52.59599999999999 
-55.669999999999874 
-58.63599999999977 
-58.123999999999796 
-56.857999999999876 
-56.477999999999895 
50.903 
-59.3099999999998 
-40.32799999999978 
-57.09699999999984 
-56.25599999999989 
-56.13399999999989 
-56.69999999999988 
-39.631999999999834 
-58.44999999999986 
-57.01999999999984 
-39.08599999999979 
-56.815999999999924 
-56.4539999999999 
-56.69599999999985 
50.717 
-56.81199999999986 
-56.86199999999985 
-59.649999999999785 
-54.91599999999993 
-55.767999999999894 
-36.99599999999986 
-56.695999999999835 
-56.3859999999999 
-56.25399999999989 
-59.621999999999794 
-36.663999999999845 
-38.143999999999835 
-37.9199999999998 
-56.37799999999988 
-54.63799999999995 
-56.95799999999983 
-37.665999999999826 
-58.29999999999986 
-57.01399999999985 
-37.81299999999983 
-56.10999999999986 
-59.03799999999984 
-59.27199999999982 
-56.06199999999988 
-36.993999999999815 
-39.75999999999979 
-57.30799999999981 
-56.31999999999986 
-56.3839999999999 
-57.63699999999983 
-55.98799999999989 
-56.12999999999986 
-57.422999999999845 
-57.593999999999845 
-57.79199999999981 
-38.07599999999981 
-58.27599999999979 
-55.2019999999999 
-38.565999999999775 
-57.619999999999855 
-54.899999999999906 
-56.87199999999981 
-59.74199999999982 
-56.88899999999985 
-56.99199999999983 
-50.442 
-59.37799999999979 
51.321 
-58.995999999999825 
-57.21799999999983 
-37.32299999999982 
-38.27799999999979 
-59.68999999999983 
-57.68599999999983 
-57.7279999999998 
-54.12799999999996 
-39.96199999999983 
50.83 
-54.13799999999995 
-58.39799999999977 
-57.25999999999982 
-58.4519999999998 
-56.547999999999845 
-54.54999999999994 
-37.261999999999844 
-55.58999999999989 
-56.58799999999985 
-52.339999999999996 
-56.01299999999988 
35.866 
-51.752 
-57.57999999999988 
-36.39399999999986 
-59.34999999999981 
-56.533999999999864 
-56.00199999999991 
-57.61999999999987 
-56.777999999999835 
50.985 
-57.13399999999984 
-55.34199999999989 
-59.05599999999979 
-57.505999999999794 
-57.40999999999984 
-57.037999999999876 
-56.00299999999989 
-55.22999999999991 
-56.827999999999854 
-37.82799999999978 
-39.50599999999977 
-58.861999999999824 
-57.71599999999985 
-57.31399999999984 
-59.521999999999785 
-57.50399999999983 
-57.87199999999983 
-36.43899999999985 
-59.32999999999978 
-58.05799999999977 
-56.65199999999984 
-55.68999999999989 
-56.655999999999906 
-58.5639999999998 
-57.21999999999981 
-56.435999999999865 
-56.72699999999986 
-36.99199999999983 
-56.80599999999989 
-57.30599999999981 
-56.95599999999987 
-55.49899999999989 
-57.137999999999906 
-56.41599999999985 
-57.09099999999983 
-59.70399999999978 
-59.20199999999978 
-56.771999999999856 
51.174 
-58.35999999999977 
-37.45599999999982 
-55.99599999999989 
-36.93999999999984 
-56.60299999999985 
-36.98399999999984 
-38.5399999999998 
-56.97599999999987 
-56.359999999999886 
-55.3319999999999 
-58.75599999999982 
-56.91399999999987 
-56.98999999999984 
-56.39099999999987 
-57.45199999999984 
-38.3099999999998 
-37.575999999999844 
-56.89999999999987 
-56.099999999999866 
-37.29599999999985 
51.64999999999999 
-57.033999999999864 
-57.95999999999979 
-57.10799999999985 
-56.188999999999865 
-57.07099999999983 
-37.693999999999825 
-39.16199999999978 
-57.27299999999981 
-58.93799999999984 
-57.33799999999985 
-38.25199999999981 
-58.315999999999775 
-56.813999999999815 
-59.81599999999978 
-58.48799999999985 
-35.43799999999992 
-57.30599999999985 
-59.317999999999785 
-59.2739999999998 
-57.325999999999866 
-60.15399999999977 
-56.12799999999988 
-55.73899999999989 
-57.85999999999987 
-56.14199999999986 
-58.131999999999834 
-39.345999999999826 
-56.30399999999988 
-36.89099999999979 
-59.8519999999998 
-39.12999999999977 
-37.79999999999982 
-57.265999999999885 
-50.154 
-39.61599999999979 
-58.36599999999983 
-55.86999999999988 
-56.303999999999874 
-38.10799999999979 
-58.84799999999982 
-55.72499999999988 
-37.50599999999982 
-35.95299999999987 
-36.91299999999985 
-57.40599999999983 
-58.25399999999979 
-57.49999999999984 
-58.15599999999987 
-39.227999999999824 
-56.60599999999988 
-58.00599999999985 
-56.84799999999986 
-56.35899999999986 
-39.56999999999978 
-56.702999999999875 
-59.62399999999978 
-59.21599999999976 
-57.1879999999998 
-56.98599999999983 
-57.149999999999835 
-56.29599999999985 
-58.543999999999784 
-59.427999999999784 
-38.03999999999982 
-56.841999999999885 
-57.247999999999855 
-36.922999999999845 
-55.862999999999865 
-59.1899999999998 
-58.20799999999976 
-39.44999999999978 
-57.761999999999816 
-58.92199999999981 
51.08 
-57.59199999999981 
-57.305999999999834 
-36.84299999999984 
-57.97999999999983 
-55.90899999999988 
-59.53599999999981 
-59.435999999999794 
-39.75999999999975 
-58.59399999999978 
-57.39599999999983 
-57.041999999999845 
-55.55399999999989 
-57.24999999999989 
-56.09099999999989 
-59.80199999999981 
-56.29599999999987 
-55.76099999999988 
-57.06399999999989 
-56.84999999999984 
-39.39599999999983 
-56.287999999999876 
36.143 
-56.72999999999989 
-57.01799999999991 
-57.62999999999985 
-56.109999999999886 
-39.5079999999998 
-59.74399999999982 
-56.97599999999986 
-49.39 
-38.397999999999776 
-52.87999999999998 
-58.95799999999977 
-40.13799999999976 
-56.26799999999986 
-36.48099999999985 
-55.981999999999886 
-57.911999999999836 
-57.351999999999855 
-58.32399999999978 
-38.119999999999756 
-59.65599999999982 
-38.17599999999982 
-56.88199999999984 
-56.337999999999866 
-56.267999999999894 
-37.00699999999983 
-58.0619999999998 
-56.1319999999999 
-56.60399999999984 
-59.08799999999979 
-57.10599999999985 
-58.85199999999985 
-56.329999999999856 
-58.313999999999844 
-56.79999999999987 
-38.35199999999981 
-58.5939999999998 
-59.29199999999981 
-57.42399999999983 
-58.14999999999985 
-37.78599999999984 
-57.43799999999989 
-58.12599999999979 
-58.06399999999981 
-56.77399999999986 
-56.617999999999824 
-56.57199999999986 
-56.19799999999985 
-57.16199999999984 
-57.699999999999825 
-57.643999999999814 
-55.20599999999992 
-39.57599999999975 
-57.76799999999981 
-56.97999999999986 
-38.26399999999982 
-38.69599999999981 
-57.40199999999987 
-39.54999999999981 
-56.57999999999986 
-38.567999999999785 
-49.421 
-56.737999999999886 
-59.273999999999795 
-56.51999999999989 
-57.06599999999989 
-58.255999999999815 
-56.07599999999988 
-55.87399999999987 
-36.84199999999983 
-55.2599999999999 
-57.46599999999983 
-38.019999999999825 
-56.463999999999864 
-59.45599999999981 
-56.843999999999845 
-58.94599999999976 
-57.16799999999983 
-57.28599999999984 
-57.01999999999984 
-55.68999999999992 
-57.701999999999856 
-56.228999999999864 
-57.455999999999854 
-56.707999999999835 
-57.71799999999982 
-58.14199999999983 
-57.16799999999988 
-57.801999999999865 
-56.48999999999986 
-39.90999999999981 
-57.15199999999987 
-37.83399999999979 
-38.15399999999979 
-56.6199999999999 
-55.97299999999989 
-59.56399999999981 
-39.879999999999846 
-56.327999999999854 
-37.05199999999984 
-55.78399999999989 
-57.82599999999986 
-58.79599999999983 
-37.13899999999983 
-40.18799999999976 
-56.36399999999987 
-51.898 
-35.867999999999874 
-59.77599999999981 
-57.773999999999816 
-56.621999999999886 
-55.72399999999992 
-57.68999999999979 
-37.387999999999806 
-56.58799999999986 
-50.862 
-57.07399999999984 
-56.21399999999985 
-58.75199999999987 
-56.126999999999875 
-56.571999999999875 
-49.409 
-56.11599999999987 
-57.15599999999989 
-56.852999999999845 
-58.985999999999834 
-56.74199999999982 
-56.662999999999855 
-56.26499999999987 
-56.98799999999984 
-58.14999999999978 
-56.225999999999864 
-56.15199999999989 
-59.47399999999978 
-39.52199999999977 
-36.70899999999984 
-56.82199999999987 
-57.20199999999981 
-38.09799999999982 
-57.55999999999982 
-37.8819999999998 
-57.14599999999987 
-57.70999999999984 
-56.76399999999984 
-57.4419999999998 
-56.752999999999886 
-37.47299999999982 
-57.757999999999825 
36.211999999999996 
-57.66999999999982 
-57.27199999999989 
-57.273999999999845 
-56.041999999999874 
36.620999999999995 
-57.37999999999984 
-59.127999999999815 
-40.1739999999998 
-55.683999999999884 
-37.219999999999814 
-56.75899999999985 
-57.06599999999986 
-59.2219999999998 
-56.663999999999874 
-57.14199999999986 
-59.0079999999998 
-57.359999999999864 
51.262 
-39.457999999999814 
-56.73999999999988 
-56.791999999999845 
-56.379999999999896 
-57.495999999999874 
-39.40199999999981 
51.193 
-40.113999999999756 
-39.29999999999977 
-58.41999999999983 
-38.803999999999775 
-36.38699999999987 
-58.257999999999875 
-37.44799999999983 
-57.885999999999875 
-56.35599999999989 
-57.297999999999874 
-57.07999999999986 
-50.397 
-36.190999999999875 
-38.34999999999978 
-56.00199999999987 
-56.76599999999989 
-59.557999999999815 
-53.147999999999975 
-57.96799999999979 
-36.94599999999983 
51.19 
-51.14 
-56.51199999999989 
-56.26999999999989 
-56.53399999999987 
-56.07299999999987 
-56.11399999999987 
-57.04999999999988 
-56.4999999999999 
-50.968 
-36.98399999999985 
-56.94799999999989 
-57.139999999999844 
-58.375999999999785 
-37.383999999999844 
-57.76199999999983 
-56.93499999999985 
-55.461999999999904 
-57.379999999999846 
-58.033999999999835 
-57.78999999999985 
-39.163999999999845 
-58.185999999999794 
-56.969999999999885 
-59.275999999999776 
-40.333999999999804 
-37.469999999999814 
-39.38399999999975 
-40.30199999999982 
-55.158999999999914 
-58.55399999999981 
-59.445999999999806 
-57.027999999999864 
-36.733999999999845 
-58.95399999999981 
-36.26399999999988 
-58.56399999999982 
-56.74899999999987 
-37.27799999999986 
-57.65599999999983 
-50.984 
-39.15199999999982 
-56.05799999999989 
51.385999999999996 
-39.69199999999977 
-57.76999999999983 
51.446999999999996 
-60.01799999999979 
-59.22599999999984 
-56.225999999999885 
-56.86599999999984 
-55.8259999999999 
-56.59299999999985 
-57.19199999999988 
-55.86799999999991 
-59.731999999999815 
-56.71399999999985 
-58.69999999999979 
-57.15399999999984 
-58.721999999999824 
-59.17799999999981 
-57.74599999999984 
-37.52699999999984 
-56.88199999999986 
-55.29999999999992 
-55.5259999999999 
-50.762 
-37.51099999999985 
-57.41599999999982 
-56.715999999999894 
-58.57399999999984 
-37.656999999999805 
-37.17299999999984 
-57.07499999999984 
-37.46399999999981 
-58.5119999999998 
-58.40999999999981 
-59.86999999999979 
-40.00599999999983 
-37.90799999999982 
-37.9939999999998 
-56.94399999999984 
-38.30399999999978 
-56.93799999999987 
-55.605999999999895 
-60.05799999999981 
-55.995999999999896 
-57.75899999999984 
51.113 
-50.01 
-59.14199999999981 
-57.23999999999989 
-37.205999999999825 
-37.95999999999982 
-40.15399999999978 
-40.16799999999977 
-56.363999999999876 
-55.051999999999936 
-40.40999999999978 
-50.656 
-37.22799999999985 
-56.30199999999985 
-58.029999999999774 
-57.06499999999985 
-37.71399999999983 
-38.25199999999983 
-57.48799999999985 
-59.16199999999984 
-56.71999999999988 
-55.993999999999865 
-56.553999999999846 
-57.03599999999988 
-56.68199999999987 
-39.49199999999978 
-37.75399999999979 
-37.51599999999982 
-57.5919999999998 
-39.821999999999775 
-59.33399999999982 
-58.09399999999984 
-56.389999999999844 
-39.90599999999979 
-56.49199999999986 
-57.237999999999836 
-39.74799999999975 
-38.831999999999816 
-57.45999999999983 
-39.207999999999785 
-39.373999999999754 
-56.12399999999987 
-60.123999999999775 
-38.841999999999764 
-57.11199999999986 
-40.159999999999755 
36.66199999999999 
-37.86399999999982 
-56.38199999999987 
-39.25399999999976 
-38.767999999999816 
-38.96199999999982 
-57.69999999999986 
-39.1699999999998 
-58.123999999999825 
-57.297999999999824 
-37.803999999999796 
-56.63899999999986 
-57.60799999999981 
-50.564 
-58.61999999999982 
-57.135999999999825 
-55.9379999999999 
-59.049999999999834 
-49.82 
-59.14999999999981 
-50.222 
-57.50399999999984 
-57.14799999999984 
-38.63599999999978 
-56.245999999999896 
-57.7559999999998 
-39.28399999999981 
-57.83999999999982 
-58.08199999999982 
-36.925999999999874 
-56.39899999999988 
-56.63399999999986 
-57.571999999999804 
-59.14199999999978 
-58.18599999999981 
-56.487999999999886 
-57.59999999999982 
-37.231999999999815 
-59.18599999999982 
-57.79599999999982 
-58.97399999999976 
-57.395999999999844 
-37.941999999999815 
-38.207999999999764 
-57.22599999999985 
-37.170999999999836 
-50.648 
-59.84199999999983 
-56.75999999999988 
-56.35199999999987 
-37.509999999999835 
-59.151999999999816 
-56.251999999999896 
-56.78099999999984 
-38.39199999999978 
-58.4419999999998 
-59.093999999999774 
-56.240999999999865 
-55.9129999999999 
-37.20599999999981 
-36.87899999999983 
-58.46399999999981 
-57.379999999999825 
-56.02999999999988 
-39.42599999999977 
-58.81999999999981 
-56.74299999999984 
-57.46999999999982 
-57.117999999999896 
-60.071999999999775 
-38.58199999999983 
-37.05299999999984 
-56.534999999999876 
-37.60199999999984 
-38.05999999999979 
-56.375999999999905 
-58.3559999999998 
-36.97699999999982 
-59.001999999999796 
-56.83999999999986 
-59.41799999999981 
-56.917999999999836 
-57.65399999999984 
-56.735999999999834 
-52.77999999999998 
-57.26399999999986 
-38.0439999999998 
-55.88799999999987 
-57.59199999999983 
-56.54799999999986 
-56.78999999999988 
-55.53799999999989 
-56.06599999999987 
-36.60699999999987 
-59.017999999999766 
-58.203999999999816 
-37.88499999999981 
-37.05399999999985 
-57.87799999999981 
51.241 
-56.44399999999984 
-40.18599999999977 
-37.86999999999982 
-36.86799999999986 
-36.894999999999854 
-56.77599999999987 
-55.725999999999885 
-57.58999999999985 
-37.29199999999983 
51.051 
-56.943999999999846 
-57.85599999999983 
-56.32699999999987 
-59.43799999999979 
-39.10999999999981 
-38.05999999999981 
-56.773999999999866 
-58.80399999999976 
-57.416999999999824 
-57.729999999999805 
-56.48199999999988 
-56.51999999999985 
-58.131999999999834 
-57.32599999999987 
-58.6659999999998 
-39.89799999999978 
-38.43799999999983 
-58.14599999999979 
-56.92299999999986 
-35.98999999999989 
-59.73999999999978 
-57.79599999999979 
-57.459999999999795 
-57.39399999999987 
-56.84799999999983 
-57.17999999999987 
-36.86099999999986 
-57.40999999999987 
-39.31399999999978 
-39.72399999999981 
-57.49599999999984 
-57.815999999999825 
-57.16999999999983 
-57.709999999999795 
-38.34999999999984 
-57.30599999999985 
-39.92199999999981 
-58.50799999999985 
-37.40899999999984 
-36.707999999999856 
-57.81999999999984 
-57.368999999999836 
-57.473999999999805 
-57.2519999999998 
-57.86799999999982 
-59.989999999999796 
-37.733999999999796 
-39.26399999999977 
-56.31699999999987 
-38.85399999999983 
-57.277999999999835 
-40.25199999999978 
-37.554999999999836 
-57.31999999999983 
-55.9759999999999 
-58.621999999999794 
-56.963999999999864 
-57.1479999999999 
-39.653999999999826 
-59.30399999999985 
-57.29599999999983 
-57.22199999999981 
-39.23599999999975 
-58.11799999999981 
-58.5319999999998 
-57.819999999999865 
-59.60999999999983 
-57.474999999999845 
-37.42599999999983 
-59.09999999999984 
-51.258 
-58.07799999999986 
-58.27799999999984 
-58.76799999999987 
-57.551999999999836 
-51.844 
-57.223999999999826 
-39.487999999999765 
-38.40599999999979 
-58.741999999999834 
-58.82599999999986 
-57.61799999999983 
-57.735999999999855 
-36.99399999999983 
-57.791999999999824 
-38.1539999999998 
-37.295999999999815 
-36.47199999999985 
-58.839999999999804 
-39.325999999999766 
-56.70999999999988 
-57.04199999999986 
-39.579999999999814 
-52.176 
-56.707999999999885 
-58.011999999999794 
50.979 
-37.34799999999984 
-57.20399999999985 
51.213 
-56.647999999999875 
-40.047999999999746 
-40.25399999999981 
-56.198999999999884 
-58.483999999999796 
-37.519999999999854 
-56.317999999999884 
-37.061999999999856 
-38.3319999999998 
-56.2499999999999 
-57.551999999999836 
-57.51799999999984 
-58.55399999999978 
-57.83199999999982 
-58.21399999999984 
-56.53199999999989 
-54.59999999999994 
-37.642999999999816 
-57.37799999999983 
-58.5179999999998 
-57.87799999999982 
-57.83799999999983 
-36.789999999999864 
-36.692999999999856 
-59.15999999999983 
36.608 
-58.20799999999983 
-57.15799999999988 
-37.111999999999846 
-57.175999999999874 
-50.024 
-37.61999999999983 
-56.07899999999989 
-57.59599999999981 
-56.27399999999991 
-57.16799999999991 
-56.88599999999987 
-57.13599999999988 
-57.67399999999982 
-56.75999999999988 
-50.68 
-59.38799999999982 
-57.96899999999982 
-56.99599999999985 
-57.279999999999895 
-58.9559999999998 
-57.49599999999985 
-39.439999999999806 
-37.24399999999983 
-39.03399999999972 
-52.33799999999999 
-59.62199999999979 
-37.67199999999984 
-56.70799999999986 
-36.86799999999986 
-39.23799999999983 
-58.497999999999784 
-58.21399999999979 
-59.85999999999979 
-38.98799999999977 
-37.44299999999985 
-58.45799999999988 
-56.05199999999988 
-38.967999999999776 
-56.97599999999987 
50.974000000000004 
-56.94999999999987 
-40.01199999999978 
-58.62599999999982 
-39.60799999999978 
-59.165999999999784 
-38.55799999999983 
-39.47599999999976 
-58.71599999999984 
-56.3899999999999 
-39.19399999999979 
-38.1699999999998 
-57.08999999999982 
-57.179999999999836 
-36.468999999999845 
-57.38599999999986 
-39.107999999999755 
51.074 
-58.2579999999998 
-37.679999999999865 
-37.22099999999985 
-58.7739999999998 
-57.31799999999984 
-57.57199999999989 
-55.89599999999989 
-57.55799999999983 
-57.47399999999982 
-57.78199999999983 
-55.998999999999896 
-58.26199999999983 
-56.70299999999989 
-56.239999999999895 
-56.519999999999854 
-57.299999999999855 
-59.035999999999795 
-53.02399999999998 
-58.11199999999985 
-55.99999999999988 
-53.569999999999965 
-37.630999999999865 
-54.407999999999944 
-36.92199999999984 
-56.46699999999986 
-52.282 
-54.763999999999946 
-57.48399999999984 
-60.139999999999795 
-58.57999999999982 
-39.01799999999978 
-39.36999999999983 
-57.17599999999984 
-57.807999999999836 
-52.146 
-56.9739999999999 
-56.55799999999985 
-52.53599999999999 
-56.803999999999895 
-55.89299999999988 
-56.94099999999984 
-56.4739999999999 
-58.429999999999794 
-59.989999999999796 
-36.88899999999985 
-59.77199999999978 
-58.15199999999983 
-59.17999999999977 
-37.543999999999826 
-39.03999999999978 
-57.116999999999855 
-37.841999999999786 
51.239999999999995 
-57.43999999999983 
-56.68199999999989 
-56.3719999999999 
-57.46199999999981 
36.263 
-57.137999999999856 
-55.45799999999991 
-37.39099999999981 
-57.47799999999987 
-56.037999999999855 
-57.90599999999979 
-36.08799999999988 
-55.3479999999999 
-56.21799999999987 
-56.58399999999988 
-57.207999999999835 
-38.74199999999976 
-56.73599999999987 
-58.58199999999984 
-38.901999999999795 
-58.83199999999985 
-39.66999999999984 
-56.67599999999985 
-58.689999999999834 
-37.14299999999984 
-37.99799999999982 
-39.17399999999978 
-56.137999999999906 
-37.21199999999981 
-58.89599999999982 
-54.307999999999865 
-57.039999999999864 
-59.075999999999766 
-55.7419999999999 
-58.42399999999979 
-37.22099999999983 
-58.94199999999982 
-58.19999999999985 
-51.536 
-51.078 
-58.745999999999846 
-37.53399999999983 
-57.00399999999988 
-38.18199999999981 
-59.07399999999983 
-56.56399999999986 
-39.99599999999978 
-56.41599999999986 
51.087 
-56.924999999999855 
-51.574 
-59.647999999999826 
-59.435999999999765 
-59.105999999999796 
-57.47399999999982 
-37.316999999999815 
-57.237999999999836 
-57.653999999999805 
-56.73199999999987 
-59.58999999999978 
-59.96199999999978 
-57.37999999999989 
-57.995999999999874 
-56.785999999999845 
-59.093999999999824 
-56.93999999999984 
-37.36499999999984 
-56.439999999999884 
-59.67799999999979 
-57.58999999999988 
-59.14999999999979 
-58.00199999999985 
-57.52199999999987 
-37.64099999999985 
-57.12799999999987 
-36.98199999999985 
-56.74599999999992 
-57.27299999999987 
-37.36199999999986 
-36.529999999999845 
-57.353999999999836 
-38.02199999999982 
-53.17399999999997 
-59.073999999999806 
-56.89399999999985 
-56.073999999999856 
-51.972 
-39.43799999999982 
-56.543999999999855 
-57.00199999999986 
-57.705999999999854 
-56.906999999999876 
-57.18999999999985 
-56.571999999999875 
-37.35799999999982 
-57.48799999999986 
-38.19599999999984 
-59.003999999999806 
-51.188 
-59.7879999999998 
-39.451999999999785 
-38.0119999999998 
-39.28599999999973 
-38.25999999999983 
-59.0919999999998 
-38.053999999999846 
-57.559999999999825 
-58.48999999999983 
-36.74599999999987 
-51.898 
-39.127999999999766 
-52.735999999999976 
-36.44599999999988 
-57.169999999999845 
-39.66399999999984 
-37.45099999999983 
-57.81299999999982 
-37.420999999999836 
-57.32999999999986 
-37.681999999999846 
-58.43199999999979 
-56.62999999999988 
-58.0359999999999 
-39.79599999999985 
-39.709999999999845 
-57.717999999999826 
-36.68999999999988 
-36.82199999999987 
-59.375999999999785 
-56.379999999999896 
-56.93199999999986 
-57.813999999999815 
-59.1139999999998 
-59.28399999999981 
-37.519999999999825 
-57.385999999999854 
-57.363999999999834 
-39.17999999999976 
-58.6879999999998 
-39.74399999999982 
-37.132999999999846 
-51.004 
-59.061999999999806 
-56.195999999999906 
-59.88599999999981 
-54.04799999999996 
-58.54799999999979 
-58.75399999999978 
-37.129999999999825 
-57.425999999999846 
-39.63199999999978 
-38.589999999999804 
-38.50399999999976 
-57.13099999999983 
-38.08199999999979 
-39.62399999999987 
-39.53199999999975 
-37.299999999999855 
-56.82599999999984 
-37.36499999999985 
-37.08899999999984 
-56.57399999999989 
-53.57799999999991 
-38.529999999999816 
-37.26699999999983 
-37.9369999999998 
-39.40599999999981 
-56.89099999999989 
-59.793999999999826 
-58.15599999999981 
-56.80599999999982 
-58.03799999999981 
-57.025999999999875 
-56.70799999999985 
-52.036 
-39.475999999999765 
-57.29399999999988 
-56.098999999999876 
-56.80799999999988 
-56.40999999999988 
-37.15399999999982 
-56.075999999999915 
-60.06999999999977 
-57.55799999999986 
-56.68699999999986 
-58.30599999999987 
-57.76999999999979 
36.473 
-58.619999999999834 
-56.46199999999985 
-56.79799999999984 
-51.806000000000004 
-56.6599999999999 
-57.28399999999985 
-57.33399999999983 
-56.26599999999989 
35.988 
-39.03399999999982 
-39.781999999999805 
-39.46199999999977 
-56.534999999999854 
-57.631999999999785 
-39.953999999999766 
-40.10999999999981 
-39.867999999999846 
-56.76399999999986 
-37.87999999999983 
-58.58799999999976 
-38.249999999999815 
-37.64999999999982 
-36.648999999999845 
-57.977999999999824 
-37.68399999999983 
-39.50399999999981 
-37.55199999999985 
-51.76 
-57.06299999999985 
-37.25499999999982 
-57.97799999999983 
-56.57399999999987 
-56.40999999999987 
-39.49999999999975 
-54.529999999999944 
-57.35999999999983 
-39.57999999999985 
-39.545999999999836 
-49.819 
50.86 
-58.1299999999998 
-36.99799999999983 
-58.3339999999998 
-38.9319999999998 
-55.931999999999896 
-36.05599999999988 
-56.903999999999876 
-57.317999999999834 
-52.46199999999999 
-56.56299999999986 
-57.133999999999865 
-36.98399999999983 
-57.35399999999986 
-57.12999999999983 
-57.94599999999985 
-36.616999999999905 
-37.23499999999983 
-58.78999999999984 
-57.55199999999981 
-56.545999999999864 
-37.764999999999816 
-51.066 
-56.587999999999845 
-37.467999999999805 
-56.063999999999936 
-37.79199999999983 
-59.203999999999745 
-51.608000000000004 
-56.85999999999989 
-49.666 
-37.98399999999983 
-57.93399999999984 
-56.893999999999835 
-38.1119999999998 
-56.43299999999985 
-58.577999999999776 
-58.05399999999985 
-59.14999999999982 
-55.70899999999988 
-57.60999999999985 
-50.032 
-37.20399999999984 
-57.741999999999805 
51.062 
-59.527999999999835 
-39.70599999999979 
-57.18599999999984 
-57.64399999999989 
50.946 
-57.579999999999835 
-57.03999999999982 
-59.365999999999836 
-39.981999999999786 
-38.893999999999764 
50.832 
-37.62399999999981 
-57.041999999999874 
-56.45199999999987 
-53.00999999999998 
-56.819999999999844 
-58.97399999999982 
-37.361999999999846 
-39.7239999999998 
-53.71599999999997 
-57.4439999999998 
-57.10999999999983 
-37.901999999999866 
-57.4699999999998 
-57.66599999999981 
-59.201999999999806 
-36.43499999999987 
-37.329999999999856 
-58.07399999999982 
-37.88599999999989 
-39.721999999999795 
-56.54499999999991 
-36.41699999999987 
-56.955999999999854 
-55.94799999999987 
-56.69299999999986 
-50.357 
-57.77399999999985 
-38.26999999999983 
-58.00199999999984 
-59.24199999999979 
-36.7359999999999 
-38.32399999999984 
-39.24199999999984 
-56.78399999999986 
-56.540999999999876 
-56.14799999999987 
-56.48699999999986 
-56.869999999999855 
-58.501999999999825 
-56.61199999999988 
-56.2519999999999 
-49.248 
-56.76599999999985 
-57.77799999999986 
-56.81999999999993 
-53.80399999999997 
-57.05099999999984 
-39.23399999999976 
-37.68399999999982 
-39.55999999999979 
-37.43399999999981 
-37.445999999999835 
-37.3999999999998 
-57.09999999999987 
-39.2699999999998 
-36.106999999999886 
-53.927999999999955 
-39.01599999999979 
-57.37999999999983 
-39.74399999999979 
-35.351999999999904 
-38.80399999999982 
-36.885999999999854 
-57.25999999999985 
-35.972999999999885 
-36.61399999999987 
-39.45999999999984 
-56.821999999999825 
-38.39299999999979 
-56.99299999999985 
-35.021999999999906 
-40.061999999999784 
-38.12999999999984 
-39.84399999999979 
-57.429999999999815 
-55.08199999999988 
-57.10199999999983 
-36.92199999999986 
-57.72199999999985 
-57.27799999999982 
-55.685999999999936 
50.97 
-56.50199999999987 
-56.559999999999896 
-35.845999999999904 
-39.087999999999795 
-55.559999999999924 
-40.06599999999981 
-56.35999999999987 
-37.741999999999884 
-37.60999999999982 
-56.39799999999989 
-57.06999999999983 
-39.613999999999784 
-39.693999999999754 
-36.74399999999985 
-37.50299999999981 
-37.73399999999984 
-50.698 
-39.48999999999978 
-58.865999999999836 
-54.089999999999954 
-56.50199999999986 
-36.66199999999985 
-37.306999999999825 
-35.887999999999884 
-56.33199999999987 
-36.537999999999855 
-38.95199999999977 
-38.121999999999886 
-58.911999999999836 
-57.01099999999983 
-59.36999999999979 
-58.32799999999981 
-57.29599999999986 
-59.49199999999976 
-39.571999999999754 
-39.303999999999796 
-38.52999999999985 
-57.85199999999981 
-59.861999999999796 
-56.49899999999986 
-37.12599999999985 
-37.969999999999786 
-39.74199999999976 
-56.64999999999987 
-57.36399999999982 
-39.977999999999795 
-56.42499999999988 
-56.69199999999988 
-56.400999999999875 
-36.47599999999992 
-38.277999999999835 
-39.91599999999984 
-34.28399999999999 
-56.15299999999988 
-56.94199999999991 
-37.185999999999865 
-56.373999999999896 
-39.013999999999804 
-39.67599999999975 
-39.1579999999998 
-37.231999999999815 
-50.762 
-57.3979999999998 
36.351 
-59.25199999999977 
-36.92599999999985 
-39.2499999999998 
-37.98199999999984 
-56.49099999999987 
-58.2959999999998 
-57.14399999999982 
-37.29499999999985 
-57.21499999999983 
-54.45799999999993 
-49.874 
-58.9239999999998 
-55.107999999999954 
-38.953999999999844 
-55.7439999999999 
-39.047999999999874 
-37.43999999999983 
-39.07199999999984 
-51.674 
-38.71999999999977 
-56.282999999999895 
-36.009999999999934 
-37.97499999999982 
50.948 
-37.975999999999885 
-57.36799999999989 
-53.46599999999995 
-37.51399999999987 
-37.265999999999885 
-57.277999999999906 
-37.208999999999826 
-36.02199999999992 
-59.013999999999854 
-58.7339999999998 
-59.83399999999982 
-57.055999999999884 
-39.95599999999983 
-54.74399999999994 
-40.391999999999804 
-39.889999999999844 
-37.14599999999988 
-37.67499999999984 
-51.593999999999994 
-56.449999999999875 
-37.92199999999981 
-58.5519999999998 
-57.3559999999998 
-53.91799999999996 
-34.43799999999999 
-39.10799999999986 
-54.87799999999996 
-36.4799999999999 
-35.68799999999993 
-57.779999999999866 
-57.70099999999982 
-36.61099999999988 
-39.17399999999978 
-56.25399999999995 
-58.19599999999983 
-36.744999999999905 
-56.958999999999854 
-56.84199999999986 
-38.46199999999985 
-38.52599999999981 
-36.625999999999856 
-55.06199999999991 
-38.107999999999905 
-50.388 
-38.23199999999985 
-37.903999999999805 
-37.77299999999983 
-54.21699999999997 
-37.93599999999977 
-37.52299999999982 
-58.80199999999985 
-56.82899999999985 
-57.25799999999986 
51.355999999999995 
-40.40199999999982 
-50.791000000000004 
-57.15099999999985 
-57.01599999999989 
-39.62599999999984 
-57.32999999999987 
-37.165999999999855 
-39.06799999999987 
-56.797999999999845 
-37.773999999999866 
-50.598 
-39.1939999999998 
-59.07199999999976 
-59.127999999999844 
-37.587999999999866 
-57.287999999999855 
-56.35799999999989 
-34.37199999999996 
-39.58599999999982 
-37.03199999999984 
-59.089999999999854 
-56.95599999999988 
-37.94399999999987 
-36.95199999999987 
-36.594999999999885 
-58.00199999999987 
-56.91399999999986 
-57.27899999999984 
-59.199999999999804 
-39.00399999999982 
-38.35199999999983 
-37.253999999999856 
-58.7619999999999 
-37.27599999999987 
-37.663999999999895 
-35.63799999999992 
-37.60699999999984 
-57.216999999999864 
-37.54599999999987 
-39.227999999999746 
-56.85399999999986 
-57.215999999999894 
-39.05199999999984 
-36.839999999999904 
-36.127999999999886 
-34.79199999999996 
-49.412 
-39.619999999999756 
-56.14399999999995 
-58.721999999999795 
-58.01799999999989 
-57.0859999999999 
-37.30699999999986 
-53.35 
-37.31599999999991 
-57.45199999999988 
-38.301999999999886 
-37.81199999999984 
-37.16699999999985 
-37.41899999999982 
-38.53999999999984 
-58.33799999999983 
-37.08599999999991 
-39.7879999999998 
-57.644999999999825 
-57.0979999999999 
-36.88799999999987 
-37.4939999999999 
-54.95999999999998 
-37.75599999999986 
-39.223999999999855 
-59.59399999999984 
-40.203999999999795 
-37.173999999999864 
-57.04599999999985 
-40.17199999999979 
-56.863999999999855 
-58.39999999999983 
-34.909999999999926 
-57.560999999999844 
-49.614 
-36.049999999999926 
-58.0099999999998 
-59.30599999999982 
-37.139999999999866 
-40.239999999999796 
-37.0319999999999 
-37.6529999999999 
-36.87399999999986 
-34.63199999999992 
-58.6859999999998 
-39.55799999999976 
-33.05599999999998 
-38.73599999999983 
-38.273999999999845 
-39.46599999999988 
-58.87199999999984 
-57.66899999999982 
-35.56399999999998 
-38.15999999999983 
-39.79999999999981 
-56.85199999999983 
-38.42399999999985 
-36.283999999999935 
-59.823999999999806 
-57.519999999999854 
-57.169999999999874 
-55.91399999999989 
-38.159999999999876 
-34.49399999999994 
-37.18599999999989 
-36.84799999999992 
50.857 
-35.153999999999975 
-57.69599999999982 
-37.673999999999914 
-37.97999999999989 
-59.32199999999978 
-38.15399999999991 
-35.992999999999874 
-37.305999999999855 
-36.67399999999987 
-39.25599999999985 
-59.80599999999974 
-38.57999999999983 
-38.55799999999984 
-57.05999999999987 
-35.28299999999991 
-39.5759999999998 
-57.919999999999824 
-36.12499999999989 
-57.407999999999824 
-35.457999999999934 
-36.247999999999955 
-39.26799999999988 
-38.58999999999985 
-58.16999999999984 
-38.63999999999983 
-37.577999999999875 
-56.91999999999984 
-38.80399999999975 
-56.539999999999914 
-58.315999999999846 
-57.79199999999987 
-35.54899999999997 
-39.92999999999981 
-58.14599999999979 
-37.00099999999986 
-37.12599999999987 
-36.219999999999935 
-57.29799999999985 
-36.959999999999845 
-35.75199999999996 
-33.41199999999997 
-37.295999999999864 
-38.427999999999834 
-36.24799999999993 
-36.921999999999876 
-35.82199999999996 
-37.71399999999983 
-37.28999999999988 
-36.955999999999904 
-36.93799999999987 
-37.00999999999988 
-37.54799999999986 
-33.78600000000003 
-37.509999999999884 
-37.42199999999981 
-59.85399999999982 
-35.36399999999992 
-37.46599999999989 
-33.77499999999996 
-37.02299999999986 
-57.11799999999988 
-39.22399999999985 
-36.27099999999993 
-39.32599999999981 
-34.028999999999975 
-57.22599999999987 
-57.835999999999814 
-55.06799999999996 
-59.52399999999977 
-59.51199999999983 
-35.565999999999974 
-38.14999999999982 
-38.715999999999866 
-57.3759999999999 
-58.585999999999885 
-36.4579999999999 
-36.5979999999999 
-36.94699999999986 
-37.72599999999984 
-56.33999999999986 
-38.35599999999987 
-57.21699999999988 
-39.36199999999987 
-37.771999999999885 
-56.96199999999988 
-56.2719999999999 
-55.92799999999987 
-33.922999999999966 
-58.221999999999845 
-36.19799999999989 
-54.19799999999995 
-38.209999999999866 
-38.033999999999835 
-33.452000000000005 
-57.72499999999984 
-35.26199999999996 
-39.88799999999979 
-58.43599999999983 
-37.01399999999986 
-35.58199999999996 
-33.176 
-38.345999999999805 
-38.269999999999825 
-37.18899999999983 
-38.56199999999987 
-53.44600000000002 
-34.65199999999995 
-35.696999999999925 
-38.11599999999987 
-33.257999999999974 
-36.8459999999999 
-57.15999999999982 
-37.75999999999982 
-49.642 
-37.15199999999984 
-37.711999999999875 
-37.66199999999986 
-36.93799999999988 
-57.11599999999983 
-37.73199999999987 
-35.138 
-37.41199999999989 
-37.015999999999906 
-39.88399999999981 
-58.33599999999981 
-37.179999999999836 
-53.56200000000002 
-57.021999999999856 
-30.586000000000016 
-36.215999999999916 
-57.504999999999846 
-34.41799999999998 
-50.086999999999996 
-36.55999999999991 
-36.654999999999916 
-38.21199999999992 
-36.52199999999991 
-55.81199999999992 
-57.86599999999985 
-37.10199999999984 
-35.59199999999995 
-35.06799999999998 
-38.40999999999979 
-38.60599999999985 
-36.629999999999896 
-38.1719999999999 
-36.97799999999985 
-36.479999999999876 
-35.283999999999935 
-36.96799999999987 
-57.05999999999984 
-34.06399999999998 
-37.534999999999854 
-57.73999999999987 
-39.61599999999986 
-36.329999999999885 
-37.04199999999991 
-58.52799999999981 
-34.76399999999998 
-36.26999999999988 
-40.01799999999981 
-54.18099999999995 
-38.003999999999856 
-39.5559999999998 
-33.196 
-37.90399999999984 
-52.778000000000006 
-34.649999999999935 
-35.049999999999926 
-32.95399999999998 
-37.47599999999986 
-29.33 
-34.59999999999996 
-35.87399999999989 
-38.60799999999986 
-37.857999999999834 
51.351 
-34.79899999999995 
-59.455999999999825 
-38.95599999999978 
-34.26199999999998 
-32.701999999999984 
-39.321999999999775 
-51.912 
-37.82599999999984 
-34.12399999999996 
-39.74399999999979 
-36.4219999999999 
-39.14599999999984 
-39.795999999999765 
-36.76999999999993 
-37.45899999999984 
-33.50999999999999 
-36.61199999999995 
-38.979999999999805 
-35.60299999999992 
-37.73199999999985 
-35.716999999999935 
-34.741999999999955 
-30.296 
-34.091999999999956 
-37.12699999999983 
-37.01799999999986 
-38.09799999999982 
-38.317999999999834 
-35.449999999999946 
-52.104 
-38.5199999999998 
-37.21999999999987 
-59.14199999999985 
-35.82799999999995 
-34.29799999999996 
-33.129 
-34.12599999999994 
-34.93799999999994 
-33.274 
-33.084 
-54.31999999999995 
-29.837999999999997 
-38.9459999999998 
-57.34799999999987 
-34.652 
-34.74 
-57.01999999999988 
-39.02999999999983 
-38.04799999999983 
-36.941999999999894 
-34.771999999999935 
-55.31199999999992 
-33.676000000000016 
-38.39599999999983 
-57.53399999999985 
-58.11499999999986 
-51.848 
-39.567999999999785 
-36.347999999999885 
-56.375999999999884 
-56.5119999999999 
-37.647999999999854 
50.961 
-58.33999999999983 
-34.13399999999996 
-34.97799999999994 
-57.26799999999985 
-33.91999999999998 
-49.788 
-50.969 
-57.22399999999987 
-56.915999999999855 
-52.80599999999999 
-32.348 
-52.97799999999998 
-35.93799999999993 
-57.05999999999987 
-34.097999999999985 
-57.43799999999987 
35.649 
-35.87299999999993 
-34.81199999999994 
-57.410999999999866 
-37.40399999999984 
-56.951999999999856 
-36.89499999999985 
-57.303999999999846 
-38.24199999999982 
-34.26799999999999 
-50.37 
-37.52999999999985 
-36.457999999999906 
-38.20699999999982 
-52.06 
-56.47299999999989 
-30.392000000000003 
-27.31600000000002 
-40.3119999999998 
-38.80199999999979 
-37.56999999999982 
-56.76599999999985 
-31.508000000000013 
-57.171999999999876 
-57.52399999999989 
-34.027999999999935 
50.922000000000004 
-50.824 
-35.455999999999904 
-56.87399999999987 
-29.85000000000001 
-37.647999999999804 
-38.57199999999985 
-36.68599999999985 
-57.21599999999988 
-56.78599999999986 
-36.799999999999855 
-53.153999999999975 
-37.11899999999987 
-38.2579999999998 
-32.11399999999999 
-57.783999999999835 
-39.1779999999998 
-57.74999999999987 
-56.335999999999885 
-39.8119999999998 
-40.359999999999786 
-36.86199999999992 
-35.00199999999994 
-36.68799999999988 
-58.63999999999983 
-39.63199999999975 
-52.076 
-57.095999999999876 
-55.47999999999992 
-57.27599999999988 
-54.143999999999956 
-50.784 
-38.35599999999983 
-50.955 
-56.78399999999987 
-55.06999999999994 
-51.508 
-56.46599999999988 
-32.954 
-37.19399999999986 
-57.40999999999987 
-57.16799999999988 
-57.39599999999987 
-28.564 
-58.98799999999978 
-37.977999999999824 
-31.131999999999994 
-38.87599999999981 
-58.20599999999986 
-38.02099999999983 
-51.118 
-39.2919999999998 
-31.485000000000003 
-37.07299999999983 
-37.41399999999983 
-33.855999999999995 
-38.69199999999983 
-34.73799999999994 
-57.59399999999984 
-32.61999999999999 
-37.79999999999985 
-52.0 
-58.07999999999985 
-57.684999999999825 
-37.547999999999845 
-34.065999999999974 
-57.26599999999984 
-49.706 
-58.17799999999982 
-37.26999999999987 
-58.27199999999983 
-39.17199999999984 
-56.35799999999989 
-39.537999999999826 
-56.31399999999988 
-32.14800000000002 
-31.504000000000005 
-56.335999999999885 
-57.52999999999986 
-36.487999999999914 
-56.50199999999987 
-34.811999999999955 
-37.48899999999987 
-55.29199999999993 
-39.075999999999844 
-32.04999999999999 
-59.345999999999776 
-32.34699999999999 
-32.92400000000001 
-38.39599999999984 
-37.77399999999982 
-49.864 
-35.84599999999993 
-37.47399999999983 
-53.27399999999998 
-34.027999999999984 
-37.371999999999844 
-58.1979999999998 
-30.916000000000007 
-56.241999999999884 
-57.87799999999986 
-57.881999999999806 
-36.3479999999999 
-37.76599999999978 
-33.87199999999997 
-37.55399999999983 
-34.66199999999995 
-39.25199999999982 
-31.00400000000001 
-37.38599999999984 
-51.512 
-34.809999999999974 
-36.76399999999989 
-58.99399999999983 
-32.72999999999998 
-37.89999999999983 
-39.31799999999986 
-53.29799999999997 
-37.081999999999894 
-31.720000000000006 
-30.982 
-31.404000000000007 
-39.45799999999978 
-34.16799999999995 
-40.13399999999982 
-57.655999999999835 
-31.146000000000004 
-57.71399999999989 
-35.91799999999992 
-56.23599999999988 
-39.947999999999794 
-29.624 
-57.06999999999989 
-51.154 
-56.425999999999895 
-34.80999999999993 
-37.97699999999982 
-31.767999999999997 
-39.927999999999756 
-53.18599999999998 
-31.92 
-34.46299999999998 
-30.259999999999998 
-57.8639999999998 
-56.36699999999987 
-30.78400000000001 
-33.62999999999997 
-58.457999999999785 
-56.84099999999985 
-50.493 
-36.59999999999985 
-58.17399999999982 
-28.964 
-29.048 
-32.82199999999999 
-50.982 
-37.86399999999982 
-50.364 
-36.28199999999987 
-37.20799999999986 
-33.593999999999966 
-35.90599999999989 
-31.034 
50.896 
-33.78800000000001 
-31.734000000000016 
-50.404 
-48.839999999999996 
-36.729999999999905 
-57.30999999999987 
-31.564 
-56.69999999999986 
-58.44599999999984 
50.94 
-37.2289999999999 
-49.632 
-57.42899999999984 
-37.76199999999985 
-32.91999999999998 
-51.576 
-56.71199999999984 
-35.42599999999994 
-32.745999999999995 
-56.90199999999985 
-34.17199999999995 
-56.83199999999989 
-56.66999999999989 
-34.14399999999996 
-38.821999999999846 
-36.39799999999988 
-39.50199999999982 
35.881 
-35.10299999999991 
-39.1879999999998 
-49.824 
-36.26199999999991 
-57.087999999999866 
-33.57999999999999 
-55.9739999999999 
-32.869999999999976 
-56.280999999999864 
-39.25399999999981 
-39.885999999999754 
-37.618999999999815 
-32.38199999999999 
-33.54000000000001 
35.802 
-33.13800000000004 
-40.14999999999976 
-57.967999999999854 
-38.28799999999979 
-31.84400000000001 
-37.522999999999854 
-52.86999999999998 
-33.193999999999974 
-31.574 
-52.62799999999999 
-50.732 
-49.644000000000005 
-49.787 
-31.93000000000005 
-37.406999999999854 
-34.825999999999944 
-57.32799999999989 
-39.43399999999982 
-51.434 
-57.879999999999846 
-51.861000000000004 
50.925 
-31.880000000000003 
-31.311999999999994 
-51.288000000000004 
-57.44599999999987 
-55.9679999999999 
-37.654999999999916 
-50.728 
-52.41599999999999 
-57.94799999999985 
-39.469999999999764 
-39.85999999999979 
-34.18199999999996 
-38.14699999999981 
-32.79399999999999 
-30.401999999999997 
-31.802000000000003 
-32.422 
-55.067999999999934 
-29.965999999999998 
-33.429999999999964 
-38.12799999999986 
-31.728 
-28.615999999999993 
-52.82099999999999 
-56.87199999999986 
-57.98599999999984 
-38.23399999999979 
-35.96799999999988 
-57.085999999999906 
-36.72399999999989 
-54.85199999999995 
-29.904 
-54.86199999999995 
-32.23599999999999 
-29.95200000000001 
53.11399999999999 
-49.342999999999996 
-33.984 
-52.395999999999994 
-37.26799999999989 
-35.89199999999989 
-56.421999999999905 
-31.82800000000005 
-31.488000000000003 
-52.941999999999986 
-39.481999999999815 
-31.525000000000002 
-52.09 
-39.37799999999986 
-38.28799999999983 
-38.653999999999826 
-30.851999999999997 
-34.87399999999994 
-55.849999999999895 
52.184999999999995 
-29.911999999999995 
-34.51399999999994 
-37.82799999999983 
-56.929999999999886 
-29.404 
-56.9139999999999 
-50.508 
-30.032 
-31.443999999999996 
-30.005000000000003 
-28.666 
-51.979 
-50.972 
-52.254 
-49.898 
-35.98999999999989 
50.489 
-56.4239999999999 
-32.50999999999999 
-51.06199999999999 
-52.091 
-35.85799999999988 
-30.164 
-53.837999999999965 
-32.99799999999998 
-51.262 
-52.04400000000001 
-37.30799999999987 
-35.18399999999994 
-56.60199999999987 
-54.848999999999954 
-30.266 
-57.40599999999984 
-30.408 
-36.87199999999984 
-37.5819999999998 
-50.808 
-39.199999999999804 
-35.750999999999884 
-28.916 
-34.53399999999995 
-39.4259999999998 
-38.475999999999786 
-38.19099999999983 
-40.1399999999998 
-30.184 
-37.8239999999998 
-57.545999999999864 
-51.926 
-33.969999999999956 
-36.46599999999987 
-28.212999999999997 
-36.839999999999854 
-30.124 
-35.014999999999944 
-36.035999999999916 
-38.78399999999982 
-38.478999999999814 
-51.982 
-58.801999999999836 
-52.67599999999999 
-38.081999999999816 
-39.73599999999977 
-37.93199999999989 
-32.98599999999999 
-57.876999999999825 
-31.914 
-32.29 
-50.549 
-37.66899999999985 
-52.477999999999994 
-32.59699999999999 
-36.329999999999885 
-57.51799999999988 
-35.49799999999993 
-29.925000000000008 
-36.01699999999989 
-55.97599999999989 
-57.22999999999981 
-36.76899999999988 
-29.587000000000003 
-58.09199999999982 
-52.32 
-30.518 
-33.39799999999999 
-30.452000000000012 
-34.347999999999956 
-30.842 
-57.12199999999987 
-39.62199999999982 
-33.45599999999997 
-32.062 
-32.11999999999999 
-30.142 
-37.04999999999986 
-35.872999999999884 
-50.99 
-28.877 
-28.883000000000003 
-53.51199999999998 
-54.88999999999993 
-54.574999999999946 
-51.736000000000004 
-34.01199999999996 
-48.121000000000016 
-30.684 
-37.27999999999986 
-54.48799999999996 
-50.788000000000004 
-32.70599999999999 
-31.148000000000007 
-30.928 
-50.06 
-38.393999999999814 
-55.229999999999926 
-38.50399999999984 
-50.346 
-32.204 
-51.064 
-57.639999999999866 
-29.974 
-50.42100000000001 
-51.574000000000005 
51.49499999999999 
-49.126 
-31.95200000000001 
-29.402 
-54.72399999999992 
-52.99799999999998 
-28.875999999999998 
-36.975999999999814 
-29.715999999999998 
-33.73199999999997 
-33.53199999999997 
-38.377999999999844 
-33.733999999999966 
-30.772000000000002 
-50.687999999999995 
-37.383999999999844 
-35.477999999999916 
-37.745999999999796 
50.772 
-50.489 
-32.292 
-28.341 
-37.869999999999855 
-53.42099999999997 
-31.680000000000003 
-32.156 
-37.50099999999986 
-34.967999999999975 
51.178999999999995 
-31.336 
-31.862 
-31.075000000000006 
50.634 
-39.22999999999985 
-33.05499999999998 
50.986000000000004 
-49.32 
51.862999999999985 
-50.283 
-36.75799999999987 
-49.296 
-33.291999999999966 
-37.26099999999985 
-49.544 
-53.22799999999999 
-58.969999999999814 
-38.029999999999866 
-35.16199999999995 
-35.76199999999992 
-29.275999999999993 
-30.332 
-32.703999999999986 
-32.581999999999994 
-49.564 
-57.03799999999986 
-36.849999999999866 
-48.144000000000005 
-30.165 
-30.854 
51.056 
-33.98199999999995 
-30.462 
-35.90399999999991 
-32.423999999999985 
-54.00399999999996 
-37.56599999999986 
-35.321999999999946 
-30.631999999999998 
-32.254999999999995 
-52.291999999999994 
-36.64299999999988 
-39.55599999999978 
-51.124 
-35.79399999999993 
-49.76 
-56.169999999999895 
50.718 
-37.23799999999988 
-56.96199999999989 
-49.253 
-36.549999999999855 
-30.352 
-30.038999999999998 
-30.66 
-36.86299999999984 
-59.375999999999806 
51.138 
-49.837 
-32.48199999999999 
-58.07799999999989 
51.308 
-32.425999999999995 
-50.452 
50.095 
-32.92999999999998 
-33.77999999999996 
-29.175 
-32.64099999999999 
-57.28199999999987 
-29.6 
-37.13599999999985 
-32.23200000000003 
35.83 
-50.397999999999996 
50.777 
-34.189999999999955 
-29.142 
-31.520000000000003 
-50.1 
-50.743 
-51.546 
-29.974 
50.961 
-32.85299999999999 
-55.89799999999994 
-37.67799999999985 
51.87499999999999 
-37.57999999999984 
-38.28599999999985 
-30.341 
-30.22 
-33.045999999999985 
-37.82199999999981 
-50.334 
-29.826 
-32.52799999999999 
35.902 
-53.97799999999996 
-33.177999999999976 
-57.54199999999985 
-37.87899999999987 
51.236999999999995 
-31.784000000000002 
-40.04799999999975 
-50.276 
36.297 
-30.394000000000002 
-32.99399999999997 
51.267999999999994 
50.474000000000004 
-32.87199999999998 
-28.043999999999993 
-32.22199999999999 
-52.056 
-38.613999999999805 
-32.284 
-27.87200000000001 
-31.075000000000006 
-35.45199999999992 
-29.455000000000002 
-56.88999999999986 
-58.03699999999982 
-37.865999999999836 
-33.822999999999965 
-56.71799999999987 
50.646 
-52.256 
-28.593999999999998 
-38.20699999999985 
51.60099999999999 
-36.483999999999874 
-32.41 
-38.31499999999983 
-33.38199999999998 
-28.844 
-35.393999999999934 
-28.217999999999993 
-31.657999999999998 
-30.438 
-36.069999999999865 
-33.33599999999996 
51.59499999999999 
-37.355999999999824 
-37.83199999999981 
-28.671999999999997 
36.34599999999999 
-28.954 
-32.94999999999998 
-30.77 
-37.335999999999885 
-30.592 
-34.51599999999993 
-34.68799999999995 
-37.00899999999989 
-29.584000000000007 
-32.69399999999999 
-57.52999999999987 
-29.594 
-31.52999999999999 
-49.364 
-30.877000000000006 
-29.062 
-37.98199999999983 
-30.113999999999997 
50.326 
-30.989999999999995 
-37.53199999999987 
-31.259999999999998 
-30.024 
-31.88000000000001 
-28.706 
-37.32799999999986 
-29.848 
-30.376 
-57.377999999999815 
-38.04799999999986 
-33.01799999999999 
-37.82999999999988 
-56.73999999999985 
-28.613999999999997 
-36.245999999999896 
-50.845 
-30.458 
-34.33399999999996 
-39.045999999999836 
-30.738 
-56.08199999999991 
-33.14699999999997 
-53.304 
-35.2639999999999 
51.168 
-40.19199999999978 
-57.91599999999985 
-31.716 
51.49999999999999 
-38.0219999999998 
50.964 
-29.66 
-32.802000000000014 
-37.63199999999984 
-33.94000000000001 
-36.629999999999896 
-31.508 
-38.287999999999805 
-36.44999999999987 
50.165 
-38.07299999999983 
-34.95399999999992 
-31.312 
-30.290999999999997 
-31.198 
-34.413999999999945 
-32.53199999999999 
-38.301999999999836 
-30.236 
-32.29999999999999 
-38.71399999999977 
51.401999999999994 
-29.823999999999998 
-57.693999999999804 
-32.373999999999995 
-37.19799999999988 
51.218999999999994 
-34.02399999999995 
-29.631999999999998 
-57.98599999999984 
-51.408 
-49.166 
50.908 
-32.055000000000014 
-29.794 
-29.841 
-37.959999999999795 
-35.07799999999993 
-50.39 
-30.806 
-29.18 
-49.42 
-32.41399999999999 
-32.197000000000024 
-29.69800000000001 
-30.973999999999997 
-30.554000000000002 
-30.569000000000003 
-33.74399999999998 
50.982 
-28.394 
-31.411999999999992 
-32.088 
-37.77999999999982 
-33.793999999999954 
-28.368000000000002 
-31.492000000000004 
-58.25399999999982 
-34.141999999999946 
-29.273 
-31.588 
52.04799999999998 
-37.44799999999987 
-32.80999999999998 
-34.413999999999945 
-32.149 
-38.87399999999979 
-29.575 
-33.39599999999996 
35.907000000000004 
-37.78799999999987 
-28.387999999999998 
-29.666000000000004 
-30.658 
-30.338 
-31.694 
-34.381999999999984 
-30.034 
-33.38199999999997 
-34.71199999999992 
-36.93999999999988 
-29.812 
-33.251999999999974 
-38.69599999999983 
-30.732 
50.79 
-33.110999999999976 
-57.789999999999814 
-31.442 
-33.87599999999996 
-37.285999999999866 
-34.648999999999944 
-29.468999999999998 
-30.247000000000003 
-31.965999999999998 
-31.478 
-30.982 
-36.2059999999999 
-37.71399999999985 
-48.63700000000001 
-50.204 
-53.363999999999976 
-31.802000000000003 
-30.991000000000003 
-29.977 
-49.744 
-31.470000000000006 
-28.528 
-30.900000000000002 
-31.602 
-30.055 
-57.26599999999989 
-29.13 
-57.79799999999987 
-33.03599999999997 
-32.56599999999999 
-30.288 
-32.147999999999996 
-32.148 
-29.675 
-31.633999999999997 
35.572 
-49.873000000000005 
51.36599999999999 
-56.707999999999856 
-32.04999999999999 
-31.804 
-28.584 
-30.293999999999997 
-33.31799999999997 
-30.66600000000001 
50.563 
-30.984 
-58.959999999999866 
-33.37799999999997 
-37.56299999999985 
-32.99599999999998 
-32.48200000000001 
-29.604 
-37.25799999999986 
-30.426000000000002 
-31.955000000000002 
-31.454000000000004 
-33.74199999999996 
-28.968 
-30.756 
-32.126999999999995 
-33.93799999999996 
-39.25999999999982 
-53.98399999999996 
-32.168 
-33.28399999999997 
-31.354 
-28.116 
-31.29799999999999 
50.833 
-33.779999999999966 
-52.503999999999984 
-31.73 
-39.18799999999977 
49.51199999999998 
-32.018 
-51.102000000000004 
-49.457 
-31.498 
-38.29799999999987 
-28.37900000000001 
-38.17999999999979 
-33.4 
-32.314 
-50.866 
-32.48599999999999 
-31.195 
-34.70199999999995 
-29.208 
-31.44 
-38.01599999999987 
-30.138 
-31.994000000000007 
-31.002000000000002 
-33.31799999999998 
-31.994000000000003 
-30.235999999999997 
50.375 
-31.43 
-30.948 
-28.764000000000003 
51.23799999999999 
-37.721999999999895 
-32.037 
-37.38599999999987 
-28.33700000000001 
-29.971 
-29.636 
-32.84799999999998 
-31.394 
-34.20199999999995 
-31.822000000000003 
-29.427999999999994 
-30.967999999999996 
-33.842000000000006 
-30.924 
-34.35199999999997 
36.718999999999994 
-33.263999999999996 
-29.619000000000003 
-33.599999999999966 
-30.336000000000002 
-39.36399999999978 
-33.300999999999966 
-50.018 
-51.326 
-30.095999999999997 
-56.915999999999855 
-52.674 
-29.526 
-33.62599999999996 
-50.484 
-31.688000000000002 
-32.55599999999998 
-36.05999999999989 
50.766 
-29.928 
-30.690999999999995 
-29.462 
-36.70099999999987 
-49.997 
-30.282 
-28.337999999999994 
-32.74799999999999 
-30.602 
51.254 
-33.00399999999999 
-34.655999999999935 
-35.407999999999916 
50.84 
-31.134 
-31.632 
-49.975 
-31.088 
-37.82199999999987 
49.94300000000001 
-31.254 
-29.352 
-30.184 
-31.002000000000002 
-50.029 
-32.24599999999999 
-39.18399999999982 
-30.968 
-33.13799999999996 
-32.41999999999999 
-36.11999999999989 
-30.987000000000002 
-34.08200000000002 
-30.955000000000002 
-29.48 
-50.67 
-34.519999999999946 
-29.973000000000003 
-49.098 
-32.356 
-30.952 
-30.253999999999998 
-29.526 
51.042 
-31.829 
-55.143999999999934 
-29.668000000000003 
-30.759999999999998 
-31.505999999999997 
-31.246000000000002 
-52.099999999999994 
-33.64799999999997 
-29.95 
-30.164 
-31.546 
-50.99 
-30.706 
-29.396 
-32.373999999999995 
-52.086000000000006 
-34.193999999999974 
-31.266999999999996 
-31.882 
-50.626 
49.384 
-34.09999999999997 
-31.892000000000017 
-33.528 
35.980000000000004 
-30.790000000000003 
-30.646 
-30.701999999999998 
-30.828 
-34.16999999999996 
-50.268 
-31.48 
-50.239 
-31.153999999999993 
-50.474000000000004 
-32.357 
-29.502 
-30.356 
-55.917999999999914 
-30.247999999999994 
-32.282 
-30.810000000000002 
-31.152 
-32.731999999999985 
-48.317 
-31.10999999999999 
-30.810000000000002 
-32.02000000000001 
51.94699999999999 
-31.010000000000005 
-30.085 
-49.083999999999996 
-27.753 
-31.39 
-49.446 
-31.04000000000001 
-30.631999999999994 
-50.198 
-28.942 
-31.742 
-30.701999999999998 
-33.991999999999955 
-32.420999999999985 
-34.159999999999975 
-31.456000000000003 
-34.94199999999994 
-28.838000000000005 
-29.207 
-30.658000000000005 
-34.385999999999974 
-34.51799999999993 
-31.482 
-49.969 
-31.567999999999998 
-31.235999999999997 
-29.686 
-31.087999999999997 
-28.122 
-49.658 
-32.47599999999997 
-30.898999999999997 
-30.786 
-30.847 
-34.671999999999976 
-29.864000000000008 
-31.788 
-51.366 
36.412 
-31.743000000000016 
-33.66799999999996 
-38.10999999999985 
-28.258000000000006 
-30.097 
-31.140000000000004 
-31.546000000000003 
-51.083999999999996 
-31.110999999999997 
-29.648 
-48.674 
-31.008000000000003 
-30.523999999999997 
-32.32599999999999 
-31.138 
-33.411999999999985 
-32.703999999999986 
-30.094 
-31.052 
-31.022 
-29.935999999999996 
-32.04 
-30.060000000000002 
52.231999999999985 
-31.930000000000003 
-29.792000000000005 
-29.367 
-33.67999999999997 
-32.47999999999999 
-31.40100000000001 
-49.954 
-33.83999999999998 
-31.774 
-30.86 
-33.112 
-32.321999999999996 
-33.06599999999997 
-32.825999999999986 
-50.715999999999994 
-29.538 
-32.749999999999986 
-49.44 
-33.32799999999999 
-28.735000000000003 
-26.099000000000032 
-29.576 
-28.363000000000003 
-32.164 
-31.624000000000002 
-32.24799999999999 
-31.83 
52.46999999999999 
50.604 
-29.68400000000001 
-33.12699999999999 
-33.86599999999996 
-33.06999999999998 
-31.322000000000003 
-49.224000000000004 
-30.823 
-28.97500000000001 
-34.193999999999996 
-49.527 
-32.749999999999986 
-31.384000000000004 
-29.746 
-32.04200000000001 
-31.404 
-31.19200000000001 
51.317 
-32.66999999999998 
-32.062999999999995 
-50.614 
-31.56 
-30.871999999999996 
-29.829 
-31.904000000000003 
52.63699999999999 
52.27299999999998 
-31.51 
-33.09199999999998 
-30.654999999999998 
-30.778 
-30.434 
-31.668 
-31.322000000000003 
-49.437 
-34.659999999999926 
-49.552 
-51.254 
-52.86999999999998 
-29.995 
-31.590000000000003 
-35.86399999999992 
-30.309000000000015 
-30.470000000000002 
-31.785 
-32.96199999999999 
-31.062 
-34.421999999999954 
-33.28999999999997 
-34.60999999999994 
51.004 
-31.747999999999998 
51.529999999999994 
-34.19599999999997 
-32.80599999999998 
-35.96199999999993 
-29.049 
-29.808 
-28.488 
-30.726 
-51.49 
-30.862 
-49.739 
-28.689999999999998 
50.459 
-29.956 
51.011 
-29.742 
-35.771999999999885 
-29.566 
-34.015999999999956 
-31.488 
-34.881999999999934 
-33.02799999999998 
-28.918 
51.086999999999996 
-32.262 
-33.625999999999955 
51.51499999999999 
-31.863000000000007 
-49.717999999999996 
-29.947000000000006 
-34.824999999999925 
-29.947 
-31.735000000000003 
-31.034 
-32.391999999999996 
-30.436 
-49.762 
-30.312 
-29.401000000000003 
-30.902 
-32.303999999999995 
-31.200999999999997 
-27.129000000000023 
-30.900000000000002 
-36.891999999999875 
-29.272 
-30.182 
-50.296 
-30.154 
-31.184999999999995 
-31.401 
-34.01599999999996 
-30.901 
-35.779999999999895 
-29.676 
-32.56399999999999 
-30.832 
-49.633 
-31.669999999999995 
-31.011999999999997 
-30.761999999999997 
-30.958000000000002 
-32.53199999999999 
-34.45999999999995 
-27.93500000000001 
-32.58999999999999 
-29.43599999999998 
-31.383000000000003 
-52.087999999999994 
-30.12 
-31.14 
-29.146 
-55.18599999999994 
-31.60199999999999 
-28.940000000000005 
-29.398 
-31.66599999999999 
-30.41599999999999 
-32.655999999999985 
-29.889999999999997 
-32.092 
-31.15 
-36.67599999999989 
-33.40399999999997 
-31.926000000000002 
-31.02 
-29.631999999999998 
-34.884999999999934 
-34.09999999999996 
-31.266 
-31.163999999999994 
-29.876 
-30.944 
-51.53499999999999 
-33.093999999999966 
-34.58999999999996 
50.886 
-35.287999999999926 
-27.414000000000005 
-30.884 
-30.195 
-29.49 
50.817 
-51.155 
50.905 
-29.988 
-29.270000000000003 
-50.28 
-29.09 
-34.883999999999936 
-30.900000000000002 
-32.57400000000001 
-31.684 
-32.166 
-34.56399999999998 
-29.820999999999998 
-32.086 
-30.652 
-33.371999999999964 
-32.86799999999998 
-31.488999999999997 
51.19 
-31.892 
-49.928 
-29.214 
-39.635999999999775 
-30.413999999999998 
-30.661999999999995 
-30.966 
-30.116 
50.44 
-30.499999999999996 
-33.427999999999955 
-50.884 
-32.127999999999986 
-32.685999999999986 
-30.326 
-31.204 
-34.84199999999992 
-50.604 
-30.320999999999998 
-29.450999999999997 
-32.096 
-31.336000000000002 
51.646999999999984 
-31.284000000000006 
-30.836000000000002 
-30.37 
-30.446 
-49.844 
-32.882 
-34.22199999999996 
-30.646 
-30.508 
-29.189999999999998 
-34.95999999999994 
-34.153999999999954 
-32.55999999999998 
-29.764 
-30.704 
-31.909999999999997 
-32.81599999999999 
-33.24999999999998 
-32.144 
-50.132 
-33.669999999999966 
-34.36799999999997 
-33.67399999999997 
-31.676000000000002 
-30.484 
-28.363999999999997 
-30.442 
-31.122 
-38.75199999999982 
-49.11000000000001 
-31.613999999999994 
-30.687 
-28.698999999999998 
-31.525000000000002 
-32.11000000000001 
-33.90799999999996 
-50.479 
-32.061 
-32.27599999999999 
-32.018 
-34.14599999999996 
-35.421999999999926 
-31.200999999999997 
-31.513 
-33.91999999999995 
-29.998 
-29.548 
-30.466 
-31.407999999999998 
-31.362000000000002 
-32.03 
-31.828000000000003 
-32.297999999999995 
-30.121 
-32.064 
-49.757 
-29.942 
-31.21 
-32.245999999999995 
-35.74999999999989 
-32.759999999999984 
-30.938 
-34.359999999999964 
-31.498 
-32.95199999999998 
-32.239999999999995 
-49.767 
-30.742999999999984 
-54.55599999999994 
-29.279 
-32.147 
-29.291000000000004 
-32.26299999999999 
-31.57999999999999 
-30.39 
-29.830000000000005 
-28.730000000000004 
-31.562 
-32.24199999999999 
37.39 
-50.934 
-32.523999999999994 
-33.22799999999997 
-29.943999999999992 
36.159 
-49.937 
-33.14199999999999 
-34.481999999999935 
-30.804 
50.415000000000006 
-29.595 
-50.452 
-31.884 
-30.334 
-35.10399999999994 
-35.61799999999991 
52.469 
-30.7 
-33.17799999999997 
-32.355999999999995 
-33.30199999999997 
-32.62399999999999 
-30.616 
-51.156 
-29.267000000000003 
-27.842000000000002 
-31.412000000000024 
-28.662 
-34.12999999999995 
-34.16799999999996 
-33.585999999999984 
-34.709999999999994 
-29.962 
-34.97799999999992 
-34.40199999999994 
-30.946 
-30.962000000000003 
-34.72399999999993 
-30.434 
-32.221999999999994 
-29.349 
-30.182 
-31.126 
37.51099999999999 
-49.26 
-29.846 
-33.22599999999998 
-32.059999999999995 
-32.97199999999998 
-31.952000000000005 
-54.10999999999995 
-31.108 
-32.12299999999999 
-30.991999999999997 
-51.654 
-31.374 
51.065 
-34.40799999999997 
-31.624000000000002 
-34.59599999999994 
-30.282 
-31.213999999999995 
-33.049999999999976 
-30.238 
-30.830000000000002 
-32.51599999999999 
-31.424 
-32.44899999999999 
-31.126 
-31.508 
-33.19599999999996 
-31.23 
-33.79599999999996 
-34.86999999999995 
-29.114 
50.841 
-31.802 
-30.668 
-49.946 
-30.883999999999997 
-36.77399999999986 
-28.890000000000004 
-32.62199999999999 
-50.298 
-31.718000000000004 
-28.803 
-31.944000000000003 
-29.717 
-33.08799999999997 
-51.247 
-57.22799999999988 
-31.782 
-29.996 
-32.45399999999999 
-30.457000000000004 
-29.558 
-32.66199999999999 
49.556000000000004 
-31.227 
-35.34999999999993 
-52.004 
-30.086 
-31.63 
-29.8 
-29.918 
-30.502 
-50.122 
-32.41399999999998 
-30.826 
-32.629999999999974 
51.086 
-34.78899999999994 
-30.784000000000002 
-54.05399999999996 
-30.814 
-30.44 
-30.59 
37.41799999999999 
-31.084 
-33.77999999999995 
-30.458 
-29.237 
-33.21999999999997 
-29.724 
-33.17799999999997 
-33.41599999999998 
-34.389999999999944 
-31.453999999999997 
-31.688000000000002 
-32.71499999999998 
-29.783 
-32.90399999999998 
-31.024 
-31.904 
-30.107999999999997 
-31.246000000000002 
35.95 
-33.40999999999997 
-32.687999999999974 
-28.785999999999998 
-30.913999999999998 
-28.687 
-31.595 
-29.410000000000004 
-31.836000000000002 
-28.561999999999998 
-32.97199999999999 
-30.351999999999997 
-29.642 
-32.052 
-29.504999999999992 
-30.334999999999994 
-32.187 
-33.43999999999997 
-29.79 
-31.458000000000002 
-31.519 
-29.591999999999995 
-32.89199999999997 
-30.842 
-32.954999999999984 
-30.871999999999996 
-30.474 
51.28099999999999 
-37.27899999999987 
-32.37999999999999 
-30.706 
51.507999999999996 
-29.037999999999997 
-31.186999999999998 
-32.787999999999975 
-30.724 
-32.60599999999999 
-32.61199999999999 
-31.061999999999998 
-32.423999999999985 
-29.230000000000004 
-29.296 
-26.647000000000002 
-34.841999999999935 
-32.105999999999995 
-30.846 
-31.826 
-31.882 
-30.842000000000002 
-30.916000000000004 
-33.575999999999965 
-30.313 
37.20699999999999 
-28.24 
-31.06799999999999 
-31.092000000000006 
-51.94 
-32.10999999999999 
-31.155 
-33.17499999999996 
-31.566 
-51.27199999999999 
-29.285999999999998 
-33.00199999999999 
-33.506 
-49.738 
-29.372 
-32.794999999999995 
-29.988 
-29.713999999999995 
-26.890000000000008 
-50.262 
-30.736 
-32.65399999999999 
-30.636 
-30.57 
-27.44900000000001 
-30.298 
-29.024000000000008 
-27.928000000000004 
-32.086 
-30.339999999999996 
-28.506 
-31.102000000000004 
-29.179000000000006 
-30.115 
-30.724 
-31.34 
-32.38599999999999 
-29.68 
-28.878000000000004 
-29.608 
-31.162999999999997 
-30.706000000000003 
-31.222 
-30.127000000000002 
-33.47699999999997 
-29.636 
-29.591000000000005 
-31.751 
-31.362000000000002 
-49.75 
-31.653999999999996 
-29.488 
-52.42199999999998 
-31.122 
-31.374 
-33.37399999999997 
-33.019999999999975 
-35.13899999999992 
51.187999999999995 
-29.732000000000003 
-31.525999999999996 
53.066999999999986 
-32.388 
-30.28 
-32.025 
-50.128 
-31.058 
-29.041999999999998 
-30.885999999999996 
-34.337999999999944 
-30.456 
-29.255 
-29.081 
-30.672 
-30.47 
-29.163 
-28.323000000000004 
-34.88599999999992 
-29.972 
-54.135999999999925 
-29.372 
-30.516000000000002 
36.211 
-30.878 
-30.365999999999993 
-31.254 
-32.59399999999999 
-28.796 
-30.628 
50.594 
-28.153000000000002 
49.667 
-30.731999999999996 
-30.376 
-33.187999999999974 
-31.936 
-30.426000000000002 
51.151999999999994 
-31.618000000000002 
-29.796 
50.995 
-29.189000000000004 
-28.173999999999996 
-32.92799999999998 
-30.24199999999999 
-47.51300000000001 
-31.576000000000004 
-29.572 
-28.630000000000003 
-30.508000000000003 
-32.35000000000004 
-31.466000000000005 
-30.844 
-30.606 
-30.666 
-50.98 
50.781 
52.10399999999998 
-29.604 
51.346 
-29.936 
-32.72199999999997 
50.7 
-28.785999999999998 
-29.032 
-56.793999999999855 
34.629999999999995 
-29.436 
51.684999999999995 
51.036 
-34.29799999999995 
-32.593999999999994 
50.983000000000004 
-33.089999999999975 
-31.776 
-30.432000000000002 
-29.37 
-50.26800000000001 
-30.912 
-32.50799999999999 
-29.683999999999997 
50.63700000000001 
53.244 
-32.17999999999999 
50.956 
-38.96199999999982 
-31.224000000000007 
50.895 
-37.109999999999836 
-32.19099999999999 
-30.029 
-30.749999999999996 
-48.671 
51.043000000000006 
-30.605999999999998 
51.183 
50.718 
-28.488 
-30.401999999999997 
-32.63599999999998 
-51.208 
-29.72 
-30.538 
-30.154 
-31.335 
-29.338 
-32.42599999999998 
-31.908 
-30.65 
-30.272000000000002 
-51.048 
-30.34 
-26.893000000000008 
-29.606000000000005 
-32.288 
-49.886 
-52.60199999999999 
-36.28799999999987 
-51.635999999999996 
-31.619999999999997 
-32.78599999999998 
-31.359999999999996 
-30.636 
-28.506 
-32.30599999999999 
-31.251 
51.384 
-30.041999999999998 
-33.053999999999974 
-32.811999999999976 
-28.919 
-28.523999999999997 
-28.77 
-31.061 
-31.878 
-30.787999999999997 
-28.259999999999998 
-28.292 
-28.198 
-49.171 
-34.403999999999925 
-31.47 
51.59899999999999 
-31.54199999999999 
-30.256999999999998 
-31.104000000000003 
-30.946 
-31.604 
51.90099999999999 
-31.738999999999997 
-30.946 
-36.44999999999989 
-53.051999999999985 
-31.888 
-30.658 
-30.25 
-31.558999999999997 
-30.928 
-32.089999999999996 
-32.350000000000016 
-31.088 
-30.845 
-32.34199999999999 
-30.877 
-30.63 
-32.955999999999975 
-51.976 
-31.124000000000002 
-31.471000000000018 
-30.227000000000004 
-30.459999999999997 
-33.00899999999998 
-35.651999999999916 
-31.362999999999996 
-31.26 
-30.988 
-31.654 
-27.344000000000005 
-31.581000000000003 
-51.918 
-31.018 
52.82099999999998 
-31.544 
-31.813999999999997 
-29.296 
-29.863 
-29.997999999999998 
-28.081000000000003 
-30.71 
-32.72599999999998 
-33.28999999999999 
-30.201 
-30.221999999999994 
-32.48199999999999 
-31.401999999999997 
-31.522000000000002 
51.245999999999995 
-36.711999999999854 
-30.515999999999995 
-31.013 
-30.638 
-31.477 
-30.899999999999984 
51.58399999999999 
-29.686 
-31.072 
51.299 
-32.254 
-33.33799999999998 
-30.57 
-30.88 
-35.06399999999993 
-30.81599999999999 
-30.102 
-29.909 
-30.561999999999998 
-29.369999999999997 
-29.556 
-30.909 
-32.108 
-31.376 
51.51099999999999 
-31.684000000000005 
-29.487999999999996 
-30.058 
-34.60999999999996 
-30.990000000000006 
-33.09199999999998 
-29.862 
-30.142 
-31.68799999999999 
-31.908 
-31.609999999999992 
-29.669999999999998 
-30.745000000000005 
-29.979 
-30.106 
-30.636 
-32.519999999999996 
-31.674 
-32.46799999999999 
-29.948 
-30.142 
-31.322 
-33.57999999999996 
-31.677999999999997 
-30.7 
-36.1179999999999 
-54.00399999999995 
-33.83799999999994 
-32.443999999999974 
-29.895000000000003 
-30.427 
-32.505999999999986 
-33.02800000000002 
50.784 
-30.927999999999997 
-30.829 
-29.738 
-31.439 
-29.336 
-30.142 
-31.023 
-31.837000000000003 
-29.845 
-32.245999999999995 
-32.50299999999999 
-30.816 
-33.41799999999998 
-31.673999999999996 
-30.207000000000004 
-30.12 
-29.252000000000002 
-31.857000000000003 
-56.41199999999989 
-50.632 
-30.482000000000003 
-31.177999999999997 
-48.65800000000001 
-30.023 
-29.78 
-33.893999999999956 
-34.72099999999995 
-32.511999999999986 
-30.114 
-53.783999999999956 
-32.761999999999986 
-30.177999999999997 
-50.362 
-30.59 
-31.41399999999999 
-31.727999999999998 
-33.43799999999997 
-33.18199999999998 
-30.868000000000002 
51.513999999999996 
-31.772000000000002 
-30.224 
-52.771999999999984 
-31.528000000000002 
-32.65799999999999 
-31.506 
-31.482 
-36.85799999999986 
-31.956 
-32.11 
-32.757999999999996 
-33.24999999999997 
51.316 
-32.14599999999999 
50.957 
-29.43200000000001 
50.721000000000004 
-30.945000000000004 
36.195 
-32.389999999999986 
-51.46 
-36.967999999999854 
-32.195999999999984 
-54.661999999999956 
-31.536000000000005 
-30.066 
-32.00999999999999 
-37.3779999999999 
-30.938000000000002 
51.122 
-30.864 
-34.35699999999994 
-34.26999999999996 
-31.142999999999997 
-30.549999999999997 
-30.583 
-51.984 
-29.676 
-31.750999999999998 
50.226 
-30.414 
-32.108000000000004 
-31.525999999999996 
-31.418 
-34.441999999999936 
-33.76599999999997 
-31.412 
-31.017 
-31.688 
51.08 
-30.636 
-31.955000000000002 
-34.495999999999945 
-33.691999999999965 
-31.672 
-50.583 
-32.141999999999996 
-29.646 
-34.70399999999995 
-32.68199999999999 
-29.462000000000003 
-28.29500000000001 
-28.374000000000006 
-31.926 
-51.533 
-32.257999999999996 
-33.37599999999997 
-31.340000000000003 
50.996 
-31.823999999999995 
-31.388 
-32.917999999999985 
50.833 
-29.684 
-30.123 
51.199 
-30.824 
-30.964 
-31.236 
-29.23 
-30.969000000000005 
-29.402 
50.08 
50.555 
-31.287999999999997 
-30.888 
-32.451999999999984 
-33.44599999999996 
-33.20399999999997 
-30.226 
-30.368 
-30.347 
-30.362000000000002 
-32.813999999999986 
-33.487999999999985 
-31.304000000000002 
-31.733000000000015 
-50.272 
-30.358 
-27.557000000000002 
-32.281 
-33.49199999999998 
-31.551000000000002 
-32.634 
-31.618 
-31.828 
-30.442 
-32.80599999999999 
51.535 
-32.423999999999985 
50.071 
-28.343000000000004 
-31.715999999999998 
-49.098 
-30.281 
-33.78999999999995 
-31.394000000000002 
-31.47 
-30.864 
-30.214999999999996 
-29.048 
-31.508 
-31.367999999999988 
-31.212 
-51.682 
-31.038 
51.057 
-36.353999999999886 
-51.216 
-31.661999999999995 
-32.236999999999995 
-31.227 
-33.29199999999997 
-32.229 
-30.198 
-50.314 
-30.463 
-31.86 
-29.89100000000001 
-31.682000000000002 
-33.239999999999974 
35.25 
-32.954 
-31.558999999999997 
-33.70799999999997 
-30.636 
-31.606 
-29.427000000000003 
-30.932 
-53.641999999999975 
50.984 
-31.988000000000003 
50.989000000000004 
-31.217999999999996 
-32.43599999999999 
-32.217999999999996 
-31.332 
-33.20799999999998 
-32.38399999999999 
-28.38399999999999 
-30.508 
-32.418 
-30.2 
-31.703999999999997 
