-47.61000000000001 
-46.37 
-47.55200000000001 
-47.31600000000001 
36.536 
-47.048 
-47.75800000000001 
-47.27000000000001 
-47.751999999999995 
-47.82 
-46.87800000000003 
-47.792 
-47.162000000000006 
-46.524000000000015 
-47.5 
-47.784 
-47.924 
-47.154 
-47.154 
-47.788 
52.172 
-47.34600000000002 
-47.7 
-47.95799999999999 
-47.578 
-47.884 
-46.90000000000001 
-47.672000000000004 
-46.63200000000002 
-47.25600000000001 
-46.87000000000001 
-47.38400000000001 
-47.27800000000001 
-47.050000000000004 
36.620000000000005 
-47.260000000000005 
-47.736000000000004 
-47.894 
-47.854 
-47.682 
-46.984000000000016 
-47.650000000000006 
-47.086000000000006 
-47.51200000000001 
-47.30400000000001 
-46.73200000000002 
-47.648 
-46.81600000000002 
-46.792000000000016 
-47.012000000000015 
-46.662000000000006 
-46.98000000000003 
-47.048000000000016 
-47.09200000000001 
-47.174000000000014 
-47.44400000000001 
-47.37200000000001 
-47.42400000000001 
-46.87000000000004 
-47.33200000000001 
-47.110000000000014 
-46.80200000000005 
-47.11800000000002 
-46.858000000000025 
-46.61000000000005 
-47.45600000000002 
-46.78200000000004 
-47.32600000000002 
-46.67000000000002 
-47.532000000000004 
-46.80600000000002 
-47.652000000000015 
-47.458000000000006 
-46.92400000000002 
-47.69200000000001 
-47.09000000000002 
-46.47200000000002 
-46.28800000000001 
-46.874000000000024 
36.916000000000004 
-46.00800000000005 
-48.198 
-47.132000000000026 
-47.08200000000002 
-47.17200000000001 
-46.55000000000004 
-47.75800000000001 
-47.49200000000001 
-46.58400000000004 
-47.10800000000002 
-46.98000000000001 
-46.856 
-47.966 
-46.57800000000001 
-46.31200000000002 
-46.568 
-46.46400000000004 
-47.51200000000001 
-46.88200000000002 
-45.864000000000054 
-46.95400000000001 
-45.87400000000006 
-45.09800000000005 
-45.07000000000007 
-47.49200000000001 
-45.964000000000034 
-46.21000000000006 
-46.586000000000034 
-46.80400000000001 
-46.28400000000002 
-46.53600000000002 
-45.984000000000066 
-47.03000000000003 
-46.61600000000004 
-46.31800000000003 
-46.84000000000003 
-47.31400000000002 
-46.45800000000004 
36.858000000000004 
-46.01800000000004 
-46.36800000000002 
-46.044000000000054 
-46.744000000000035 
-45.94600000000006 
-46.39200000000002 
-45.83600000000007 
36.816 
-46.21400000000005 
-47.37600000000001 
-46.27600000000004 
-43.91600000000001 
-46.49600000000003 
-47.46400000000001 
-45.87200000000007 
-46.322000000000045 
-46.244000000000035 
-45.60000000000007 
-45.82600000000006 
-45.42800000000006 
-46.07400000000006 
-45.97400000000006 
-46.00200000000008 
-47.916000000000004 
-45.59200000000005 
-47.04200000000002 
-46.238000000000014 
-47.480000000000004 
-46.41000000000004 
-44.69600000000006 
-45.472000000000044 
36.938 
-47.55800000000001 
-46.716000000000015 
-47.27200000000002 
-45.94600000000004 
36.594 
-46.85400000000001 
-46.36600000000003 
-45.56400000000009 
-45.02600000000004 
-43.67000000000013 
-45.84600000000005 
-45.67600000000004 
37.042 
37.076 
-46.72800000000003 
-45.50000000000007 
-45.89600000000005 
-46.20800000000005 
-47.18800000000002 
-46.938000000000024 
-44.870000000000076 
-47.65399999999998 
-48.76 
-45.992000000000054 
-44.730000000000096 
-44.698000000000135 
-48.970000000000006 
-48.491999999999976 
-45.35400000000007 
-49.192 
-47.816 
-46.25400000000002 
52.162 
-44.76800000000009 
-45.41000000000008 
-44.682000000000045 
-52.07000000000001 
-47.034000000000034 
-44.714000000000055 
-48.28800000000002 
-46.956000000000024 
-49.22 
-48.162000000000006 
-45.88400000000002 
-44.552000000000056 
-47.37799999999999 
-45.040000000000106 
-47.929999999999986 
-48.51 
-48.602 
36.958 
-47.66199999999999 
-52.05799999999999 
51.948 
-49.12600000000003 
-49.33199999999998 
-44.30600000000004 
-52.303999999999995 
-28.227999999999998 
-51.75800000000002 
-50.794000000000004 
-48.85599999999998 
52.216 
-54.76599999999996 
-52.91199999999999 
-47.32600000000003 
-45.456000000000074 
-52.344 
51.936 
-50.746 
-47.66599999999998 
-52.071999999999996 
-45.070000000000135 
37.054 
-47.264000000000024 
-52.51399999999999 
-53.44199999999998 
-52.91199999999998 
-51.41 
-51.760000000000005 
-52.01399999999998 
-50.54799999999999 
-50.10199999999999 
-52.038000000000004 
-51.804 
-49.708000000000006 
-52.75999999999996 
51.626000000000005 
-53.37999999999997 
-51.91400000000001 
-50.568 
-46.298000000000066 
-47.140000000000036 
-48.440000000000005 
-50.918000000000006 
36.79 
-51.63200000000002 
-51.86999999999999 
-50.78600000000001 
-53.073999999999984 
-50.609999999999985 
-50.72799999999999 
-48.74800000000001 
-47.47800000000001 
-45.02800000000002 
-47.540000000000006 
-45.89400000000004 
-52.262 
-46.43200000000005 
36.730000000000004 
-50.838 
-52.26399999999997 
-47.974000000000004 
-43.964000000000084 
-50.355999999999995 
-48.71599999999997 
-28.491999999999997 
-51.78599999999999 
-44.97800000000012 
-52.583999999999996 
-53.315999999999974 
-52.94399999999999 
-47.022000000000034 
-51.686 
-46.48200000000011 
-52.65399999999998 
-53.461999999999975 
-51.86399999999999 
-51.766000000000005 
-51.7 
-51.277999999999984 
-52.354 
-52.08600000000001 
-51.296000000000014 
-46.85200000000001 
-49.77399999999998 
-50.389999999999965 
-48.382 
-46.442000000000036 
-51.19000000000001 
51.656 
-50.89600000000001 
-49.17799999999999 
-50.02399999999998 
51.592 
-51.09000000000001 
-52.54199999999999 
-51.687999999999995 
-54.60199999999996 
-47.946 
-47.368000000000016 
-49.40600000000001 
-48.088000000000044 
-51.08999999999998 
-43.5940000000001 
-50.25000000000001 
-46.94200000000005 
-50.41199999999999 
-45.35600000000005 
-45.518000000000036 
52.06 
-49.24599999999996 
-46.70800000000001 
-48.00600000000007 
-49.096000000000004 
-49.85399999999998 
-50.656 
-51.31399999999998 
-46.18200000000007 
-50.50400000000001 
-49.198 
-45.62200000000007 
-44.98400000000003 
-45.336000000000084 
-44.956000000000124 
-52.59199999999999 
-47.070000000000014 
-49.343999999999994 
-43.98200000000014 
-50.650000000000006 
-44.108000000000054 
-51.312000000000005 
-46.56800000000003 
51.666000000000004 
36.874 
51.748000000000005 
-51.676 
-42.788000000000025 
-48.95800000000003 
-46.944000000000045 
-50.963999999999984 
-45.35800000000009 
-46.702000000000055 
-45.64400000000006 
-52.66999999999999 
-49.75799999999998 
-48.67600000000007 
-46.85200000000003 
-51.96600000000001 
-47.35000000000007 
51.758 
36.546 
-48.12000000000004 
-45.40200000000006 
-44.06400000000019 
-48.14599999999998 
-45.23200000000013 
-52.65399999999999 
51.728 
-51.48 
-53.575999999999965 
-50.37799999999999 
52.168 
-49.513999999999996 
-46.82000000000006 
-49.598000000000035 
-45.0720000000001 
-54.32199999999995 
-45.97400000000003 
-53.33399999999998 
-43.56800000000012 
-53.04599999999998 
51.742000000000004 
-44.760000000000076 
-45.99600000000004 
-44.36200000000013 
-45.408000000000136 
36.358000000000004 
-49.176 
-53.613999999999976 
-50.612 
-51.504000000000005 
-51.138 
-47.88000000000002 
-44.92600000000014 
-51.846000000000004 
-49.23799999999999 
-27.822 
-49.25599999999999 
-46.60400000000004 
-50.03599999999996 
-50.874 
-46.81400000000003 
-50.03999999999999 
-50.5 
-50.95999999999999 
-51.858000000000004 
-50.69199999999999 
-50.994 
36.666000000000004 
-49.47 
-46.912 
-50.875999999999976 
-52.41999999999997 
-45.22200000000005 
-48.418000000000006 
36.544000000000004 
-51.29000000000001 
36.674 
-43.526000000000025 
-46.490000000000066 
-47.092 
-50.78800000000003 
-50.467999999999996 
-45.08600000000003 
-47.192000000000014 
-45.93800000000003 
-46.51000000000004 
51.706 
-48.55799999999999 
-48.452 
-53.77599999999997 
-46.45400000000004 
-44.70600000000014 
-46.65400000000006 
-42.5920000000002 
-48.023999999999994 
-48.62600000000007 
-47.75199999999999 
36.688 
-51.61599999999999 
-51.245999999999995 
36.43 
36.736000000000004 
-48.08399999999997 
-46.06600000000005 
-50.604 
-50.97800000000001 
-48.99999999999998 
-53.134 
36.88 
-51.95600000000001 
-53.19399999999999 
-49.40200000000001 
-45.46000000000008 
36.752 
-53.032 
-47.802000000000035 
-28.498 
-52.04799999999998 
-49.946 
-45.72200000000006 
-50.163999999999994 
-47.058000000000014 
-48.175999999999995 
-51.272 
-50.586 
36.896 
-51.160000000000004 
-52.64999999999999 
-49.82999999999997 
-48.43800000000001 
-48.187999999999995 
-53.12199999999997 
-50.396 
-54.01999999999997 
51.904 
-51.13800000000002 
-49.02 
-46.170000000000044 
-51.014 
-52.804 
51.828 
-49.062000000000005 
-51.35200000000001 
-50.19800000000002 
-48.36400000000001 
51.942 
36.648 
-49.907999999999994 
36.744 
-45.88400000000004 
-49.697999999999986 
-47.51200000000003 
51.908 
-51.533999999999985 
-46.440000000000026 
-48.13 
-46.70400000000006 
-47.39800000000002 
36.892 
-47.34400000000009 
-46.70000000000003 
51.742000000000004 
-47.26400000000003 
-44.65400000000009 
-48.35400000000001 
-47.72400000000002 
-51.436000000000014 
-28.232 
52.07 
-47.787999999999975 
-52.412 
51.85 
52.04 
-51.114000000000004 
37.004000000000005 
-47.961999999999996 
-50.95200000000001 
51.818 
-48.988 
-49.444 
-53.75199999999997 
-49.61600000000001 
-51.57400000000001 
-48.746 
36.762 
-49.5 
-48.589999999999996 
-53.76399999999995 
-50.93 
-49.248 
-50.858000000000004 
36.938 
51.65 
-46.400000000000034 
-51.472000000000016 
36.688 
-47.37400000000003 
-49.612 
-53.052000000000014 
-51.000000000000014 
-50.39 
-49.756 
-45.50400000000006 
51.78 
-51.79200000000004 
-49.362 
36.952 
51.766 
-51.46600000000001 
51.994 
36.614000000000004 
37.052 
-44.38600000000006 
-52.285999999999994 
-50.79 
-44.3060000000001 
-49.19 
-48.59600000000002 
51.908 
-44.166000000000054 
-51.05400000000001 
-51.708 
-50.72999999999999 
-49.748 
-46.70600000000005 
-46.52800000000008 
36.536 
51.800000000000004 
36.83 
-44.522000000000034 
-49.232 
-45.54200000000004 
-52.49599999999999 
36.168 
-47.916000000000004 
-47.53200000000003 
-44.996000000000095 
-49.37999999999998 
-47.10600000000002 
36.466 
36.712 
-53.669999999999966 
-51.306 
-52.354 
-50.13800000000001 
-45.748000000000054 
-48.98399999999999 
-51.05200000000002 
51.734 
-49.122 
-48.726 
-47.40200000000003 
-50.70799999999998 
-52.13400000000001 
-52.44399999999999 
51.846000000000004 
-47.302000000000014 
36.338 
52.054 
-49.038000000000004 
-52.38199999999999 
36.762 
36.82 
-51.50599999999999 
-49.138000000000005 
-52.632 
-50.642 
-51.566 
-49.21799999999999 
51.942 
-44.75600000000009 
-51.044000000000004 
-52.724000000000004 
-44.94600000000007 
-46.36400000000005 
-27.44 
36.550000000000004 
-48.32800000000002 
-49.01 
-49.308 
-50.564000000000014 
36.598 
-48.95 
-51.285999999999994 
-45.12600000000004 
-53.507999999999974 
-47.547999999999995 
36.27 
-51.47599999999999 
36.684000000000005 
-52.416000000000004 
-48.178 
36.926 
-46.29000000000006 
-46.03000000000005 
51.812000000000005 
-51.998000000000005 
-45.63800000000006 
36.722 
-48.51599999999999 
-47.852000000000004 
36.870000000000005 
-47.05800000000002 
-47.610000000000014 
36.818 
-45.59800000000017 
-46.19000000000004 
-43.74800000000014 
-47.788000000000004 
-47.02400000000002 
51.824 
36.164 
-46.462000000000025 
-50.46400000000001 
-45.55800000000008 
-46.36600000000002 
-48.86000000000001 
-45.958000000000055 
-45.400000000000034 
36.17 
36.38 
-48.326 
-52.37599999999999 
-51.18000000000009 
36.206 
-47.55000000000004 
36.660000000000004 
-53.47399999999997 
-51.724000000000004 
-51.832 
51.784 
-47.32200000000002 
-45.35600000000008 
-51.51600000000003 
-48.570000000000014 
51.868 
-47.89400000000008 
-47.622000000000014 
36.634 
51.848 
51.68 
-50.064 
-46.348000000000056 
-46.064000000000064 
-46.680000000000035 
36.550000000000004 
-46.54600000000005 
51.472 
-47.65200000000002 
51.858000000000004 
51.688 
-47.180000000000035 
-49.728 
-48.68400000000001 
-49.048 
51.554 
-47.14400000000003 
36.358000000000004 
-48.496000000000016 
-46.84200000000002 
-46.08000000000004 
-45.9200000000001 
-44.35200000000013 
-45.208000000000084 
36.894 
51.744 
-47.928000000000004 
-47.72000000000006 
36.302 
-48.62200000000001 
36.328 
-46.78800000000004 
-49.862 
-51.53800000000004 
-48.228000000000016 
-48.018 
-45.76200000000004 
51.886 
-47.73200000000001 
-46.544000000000054 
51.802 
36.692 
-47.14600000000002 
-46.870000000000026 
-44.332000000000065 
36.762 
-50.664 
-42.87200000000017 
-49.152000000000044 
-48.346000000000004 
36.75 
-46.48600000000002 
-45.68200000000008 
-45.392000000000095 
51.742000000000004 
-44.67000000000009 
-52.743999999999936 
-51.508 
-48.402 
51.980000000000004 
36.71 
-51.92000000000003 
-47.946 
-48.31400000000003 
36.254 
-49.62 
-48.48 
-49.606000000000016 
-50.25200000000003 
-48.55400000000002 
-52.879999999999995 
51.782000000000004 
-48.641999999999996 
-50.25 
-53.605999999999995 
51.732 
-43.83200000000019 
-48.862 
-44.58 
36.094 
-44.97600000000002 
-46.07800000000005 
-44.9120000000001 
51.874 
-47.33600000000002 
-48.556 
-45.46200000000011 
51.748000000000005 
-45.730000000000054 
36.978 
-45.52000000000009 
-46.714000000000034 
-44.794000000000096 
-47.434000000000026 
-45.93400000000005 
-46.930000000000035 
-45.44400000000004 
36.846000000000004 
-46.29000000000003 
-46.66000000000002 
36.54 
-47.27400000000003 
36.652 
-46.56000000000003 
-46.72400000000006 
51.76 
-47.59200000000002 
-45.64400000000007 
51.686 
36.65 
51.632 
-46.47400000000004 
-47.44400000000002 
-46.270000000000024 
-44.902000000000086 
36.108000000000004 
-47.09800000000002 
36.806000000000004 
-46.67400000000009 
-27.996000000000002 
36.206 
36.410000000000004 
-53.81199999999997 
-53.27799999999994 
-44.8760000000001 
-45.75600000000005 
-50.206 
-47.27800000000002 
36.374 
36.284 
-46.98800000000002 
-46.58800000000003 
36.836 
-46.32600000000011 
-44.63000000000003 
-48.83400000000002 
-45.679999999999986 
-47.722000000000044 
-49.588 
-55.41199999999999 
51.704 
-45.85800000000007 
36.406 
36.278 
36.634 
-54.65199999999998 
-53.96399999999994 
-47.56400000000004 
-49.36400000000002 
-50.546000000000035 
51.646 
-46.40600000000004 
-49.184 
-49.86200000000002 
36.622 
-47.598 
-55.679999999999986 
-49.252 
-49.324000000000005 
-47.674 
-48.426 
-47.96600000000003 
-45.18200000000009 
-48.12000000000012 
-46.53200000000006 
51.614000000000004 
-49.866 
36.754000000000005 
-54.41599999999997 
-50.614 
-47.16800000000003 
-47.27800000000005 
36.118 
-49.234 
-54.663999999999966 
-53.26799999999999 
-49.352 
-51.361999999999995 
-45.95200000000007 
-46.70000000000003 
-53.06199999999998 
-48.57 
-46.314000000000036 
-50.574 
-47.010000000000026 
-46.61000000000003 
51.614000000000004 
-46.810000000000045 
51.502 
-46.962000000000025 
-48.25 
36.702 
-47.978000000000016 
-50.082 
36.876000000000005 
36.72 
-43.14200000000015 
-48.321999999999996 
-47.36800000000004 
-47.304000000000016 
-47.732 
-45.49800000000008 
-47.93599999999999 
36.184 
36.182 
36.342 
-52.09800000000004 
36.852000000000004 
-52.738000000000014 
-46.698000000000086 
-50.67 
-42.67000000000025 
-47.23000000000013 
36.312 
-47.780000000000015 
36.762 
-54.07599999999999 
-50.44 
-44.19200000000015 
36.658 
-49.72 
-45.444000000000045 
-48.58199999999983 
-48.58000000000002 
36.608000000000004 
36.256 
-44.95600000000003 
36.160000000000004 
-44.58000000000006 
-44.66400000000002 
36.664 
36.742000000000004 
36.582 
51.532000000000004 
-51.414 
-49.29400000000003 
-48.17800000000002 
-45.404000000000124 
-49.664 
-48.959999999999994 
-45.00000000000006 
-42.93199999999994 
-45.876000000000026 
-50.692 
-49.866 
-48.092000000000006 
36.69 
36.496 
-49.902 
36.592 
51.694 
-48.994000000000014 
-49.844 
-45.478000000000094 
45.07200000000019 
-48.01200000000003 
-46.67600000000003 
-45.73400000000005 
36.67 
-47.09800000000002 
-44.29600000000018 
-53.45600000000004 
-52.01600000000001 
-45.63400000000005 
-47.71400000000001 
-48.54200000000009 
36.2 
-46.782000000000046 
51.736000000000004 
-46.69600000000004 
-44.68400000000008 
-51.10600000000015 
-48.016 
43.84400000000011 
36.5 
36.546 
36.648 
-46.844000000000015 
35.789999999999985 
36.732 
-47.73400000000002 
51.746 
36.424 
-49.19799999999986 
-47.50400000000004 
-46.224000000000046 
36.28 
-46.96600000000002 
36.466 
-44.646000000000065 
36.17 
36.284 
51.782000000000004 
-45.6200000000001 
-48.156000000000006 
51.916000000000004 
-34.166000000000075 
-48.04600000000002 
36.624 
-47.08800000000006 
36.246 
36.264 
51.654 
32.47000000000002 
51.942 
51.586 
-52.66999999999999 
36.196 
-33.38400000000001 
36.496 
29.4690000000002 
36.144 
36.058 
-48.322 
-42.72200000000011 
-41.604000000000156 
-50.75399999999999 
36.63 
-57.97600000000015 
36.336 
-44.59400000000009 
36.754000000000005 
36.160000000000004 
51.858000000000004 
-52.006000000000014 
51.79 
36.996 
-50.308000000000014 
-41.0640000000003 
-42.70400000000003 
-48.148000000000025 
36.192 
36.7 
51.556000000000004 
-46.85600000000004 
36.848 
42.76599999999994 
51.708 
51.660000000000004 
43.010000000000126 
31.67599999999998 
-47.13600000000003 
-45.726000000000056 
-49.116000000000014 
36.628 
56.36400000000009 
-44.73600000000011 
55.74199999999999 
43.38199999999999 
36.42 
32.578000000000024 
36.664 
-48.298 
36.376 
-48.296 
-45.28600000000005 
-47.85 
51.506 
-49.592 
51.92 
-39.823999999999884 
-43.53200000000017 
36.852000000000004 
-48.208 
36.658 
-46.90200000000002 
-48.04400000000002 
-47.324000000000034 
36.05 
-48.976000000000006 
-45.24000000000014 
-39.9860000000001 
-47.604000000000006 
-47.326000000000036 
36.878 
-46.53000000000004 
-44.27600000000011 
36.19 
-49.364 
74.9020000000002 
-51.678000000000004 
-49.03 
36.81 
-45.46200000000006 
36.212 
36.402 
-35.8340000000004 
-46.524000000000065 
-28.175999999999494 
-48.562 
51.966 
36.268 
44.96499999999989 
-47.27200000000002 
-41.506000000000114 
51.796 
-48.827999999999996 
51.712 
-23.506000000000153 
51.736000000000004 
47.25599999999976 
36.6 
-48.646000000000015 
-43.27200000000018 
-35.98200000000017 
-40.88800000000006 
-36.65400000000031 
-29.413999999999856 
-46.858000000000025 
-46.31400000000003 
-49.211999999999996 
-41.33600000000022 
-33.344000000000094 
-38.22600000000003 
-46.788000000000025 
-47.55400000000001 
51.656 
35.922000000000004 
51.734 
-45.4300000000001 
-42.166 
-47.120000000000026 
51.994 
-46.692000000000036 
51.912 
-28.221999999999593 
-48.91800000000002 
51.85 
51.842 
-44.580000000000155 
-49.946 
51.940000000000005 
68.84200000000025 
-22.763999999998973 
46.33199999999978 
-45.95800000000004 
-26.69399999999983 
59.081999999999994 
-50.172 
-47.762 
42.3379999999999 
-18.573999999999003 
-51.160000000000004 
51.828 
36.620000000000005 
51.864000000000004 
-45.20600000000008 
-45.63000000000007 
36.038000000000004 
36.654 
-35.5920000000002 
64.60600000000065 
-46.75000000000004 
-43.78200000000006 
51.592 
-45.622000000000064 
65.45199999999964 
51.788000000000004 
-46.61200000000004 
-48.266 
36.536 
-48.45000000000001 
36.074 
51.748000000000005 
-27.20999999999986 
51.616 
51.866 
51.501999999999704 
-48.571999999999996 
36.332 
-48.70200000000001 
-47.014000000000024 
36.336 
51.52599999999963 
51.816 
-30.631999999999863 
39.20199999999994 
-39.93400000000043 
48.909999999999656 
36.134 
-44.44400000000007 
-43.66800000000016 
-23.244000000000057 
86.6640000000008 
-40.97000000000015 
67.24599999999967 
-38.60600000000011 
51.336 
36.686 
51.902 
-25.31599999999981 
66.18399999999977 
52.53799999999977 
-42.41800000000006 
36.702 
-45.168000000000106 
19.076000000000775 
79.91800000000018 
73.01800000000021 
-43.24200000000005 
63.75599999999964 
-35.64200000000023 
77.03000000000031 
43.321999999999804 
-47.42600000000002 
-44.68200000000007 
94.13000000000119 
51.57 
51.822 
36.286 
48.423999999999445 
-33.42200000000018 
61.24199999999983 
79.43800000000125 
36.15 
109.01600000000045 
42.22999999999982 
51.712 
-47.36400000000003 
36.116 
-46.102000000000174 
36.14 
66.31999999999977 
-45.032000000000046 
-45.37400000000006 
-29.00000000000046 
51.47 
51.620000000000005 
-38.46200000000012 
53.807999999999936 
-46.298000000000066 
36.896 
-46.57200000000002 
36.174 
-32.4440000000003 
36.674 
51.676 
-46.38000000000004 
-46.28600000000004 
-44.09400000000011 
36.214 
53.3779999999997 
36.58 
-29.237999999999694 
36.414 
-33.45400000000015 
36.78 
-39.09400000000022 
99.8900000000001 
-34.82400000000051 
-42.5280000000001 
51.728 
-30.97199999999991 
36.342 
24.75000000000125 
36.046 
-47.46600000000003 
-12.531999999999947 
46.55399999999939 
2.413999999999973 
51.718 
148.60700000000583 
67.29399999999968 
-21.60799999999949 
36.732 
36.624 
51.74 
48.12599999999987 
36.642 
-43.41400000000019 
49.173999999999694 
36.24 
63.065999999999754 
69.77200000000032 
71.09399999999971 
48.04599999999982 
-12.375999999999095 
36.038000000000004 
52.68399999999977 
67.07399999999976 
51.662 
51.778 
104.74600000000052 
35.99 
-8.708000000000325 
36.7 
36.92 
-44.212000000000124 
64.65199999999977 
-42.732000000000156 
-26.617999999999768 
-30.269999999999857 
36.808 
36.172000000000004 
85.83800000000113 
5.41800000000017 
66.31999999999985 
36.816 
51.652 
68.66799999999982 
-31.306000000000385 
51.878 
36.618 
-36.2860000000004 
-46.928000000000026 
-22.193999999999335 
91.92000000000135 
63.50999999999962 
51.746 
36.632 
36.044000000000004 
-15.779999999999568 
-48.30800000000001 
36.4 
-48.78200000000001 
64.52599999999958 
-19.34999999999912 
-47.38200000000009 
-15.826000000000057 
64.23999999999984 
-13.399999999999906 
-46.98800000000003 
61.1499999999999 
50.349999999999746 
102.74199999999966 
36.85 
36.582 
64.73199999999981 
100.47399999999973 
53.05999999999993 
36.884 
-46.27600000000003 
70.22600000000082 
51.736000000000004 
50.113999999999834 
65.32400000000038 
72.20000000000111 
66.68199999999985 
-13.267999999999248 
65.49999999999957 
96.13400000000087 
-28.859999999999665 
-46.252000000000024 
-10.105999999999703 
36.686 
114.85199999999922 
-46.808000000000014 
36.288000000000004 
1.38400000000086 
53.71999999999967 
51.550000000000004 
51.874 
-49.028 
56.53199999999996 
64.43400000000028 
-32.316000000000244 
-38.03800000000012 
51.612 
102.33800000000076 
86.25500000000059 
36.538000000000004 
36.812000000000005 
-38.69000000000008 
51.754000000000005 
55.76999999999984 
51.396 
66.92199999999983 
68.07999999999986 
54.07000000000003 
36.54 
51.716 
69.47599999999986 
89.71600000000112 
53.52999999999999 
-43.80000000000007 
51.932 
66.56199999999984 
51.660000000000004 
36.786 
51.980000000000004 
51.716 
36.754000000000005 
36.632 
51.854 
-35.03999999999991 
87.70800000000135 
51.538000000000004 
36.768 
36.624 
35.892 
-47.59400000000002 
51.712 
84.34500000000071 
67.70599999999969 
51.638 
67.9519999999999 
51.782000000000004 
51.928000000000004 
52.67399999999978 
-43.97600000000013 
51.92 
36.014 
70.59199999999994 
51.678000000000004 
36.994 
101.32200000000034 
51.76 
71.36000000000153 
51.736000000000004 
51.888 
103.71200000000202 
51.754000000000005 
50.59599999999988 
36.582 
145.39600000000593 
-33.116000000000014 
135.68400000000244 
125.87000000000273 
75.14200000000176 
55.66999999999989 
36.276 
35.928 
-48.898 
68.35600000000004 
68.72800000000046 
-11.69600000000036 
36.848 
36.494 
36.786 
-42.68800000000014 
70.21399999999988 
-46.51000000000005 
52.5419999999999 
72.85600000000116 
91.86200000000062 
111.34800000000098 
36.096000000000004 
71.80399999999982 
51.86 
72.31800000000125 
102.27000000000024 
90.63200000000114 
69.47600000000008 
36.536 
93.57500000000095 
-27.669999999999774 
51.596000000000004 
-9.34199999999916 
69.90000000000016 
109.96000000000106 
108.94800000000167 
67.44599999999976 
51.764 
51.718 
-46.890000000000036 
36.808 
56.07199999999992 
51.71 
51.602000000000004 
36.906 
126.38000000000326 
32.86600000000392 
51.878 
69.83799999999995 
54.34399999999965 
36.388 
51.660000000000004 
51.848 
51.512 
51.808 
51.626000000000005 
184.15800000000732 
51.858000000000004 
69.63199999999972 
51.85 
51.922000000000004 
67.64799999999984 
90.43900000000123 
35.954 
92.21600000000096 
36.614000000000004 
73.524 
81.3220000000007 
51.74 
71.03799999999985 
71.58200000000005 
36.282000000000004 
56.780000000000086 
36.614000000000004 
72.38200000000009 
36.784 
73.48200000000011 
54.52600000000011 
51.552 
78.99200000000152 
51.728 
162.2640000000088 
71.45600000000003 
36.542 
141.8360000000047 
57.330000000000055 
71.7919999999999 
57.15899999999996 
36.466 
57.86999999999989 
72.40199999999996 
58.27799999999996 
132.15000000000205 
-44.31600000000005 
51.768 
-19.139999999999183 
51.608000000000004 
72.35999999999994 
51.774 
119.81800000000204 
36.886 
51.884 
79.0400000000015 
95.11600000000097 
73.12300000000005 
72.08799999999977 
36.300000000000004 
36.184 
-0.035999999998864496 
36.502 
57.91000000000025 
36.162 
51.664 
36.868 
57.367999999999725 
36.804 
51.832 
72.23199999999986 
36.656 
154.12400000000335 
57.682000000000045 
36.778 
77.81400000000153 
51.862 
51.588 
77.50600000000125 
51.79 
72.48400000000011 
51.76 
51.588 
36.35 
56.54400000000008 
71.42399999999981 
51.764 
57.309999999999775 
51.79 
72.84999999999992 
78.5980000000009 
36.686 
95.50200000000129 
56.68600000000012 
73.56199999999966 
51.948 
181.2300000000108 
36.812000000000005 
36.51 
-42.56200000000011 
56.02200000000006 
-47.16800000000003 
94.54600000000143 
94.85200000000125 
51.482 
36.47 
51.638 
56.88199999999976 
36.34 
36.238 
93.88400000000098 
91.95800000000152 
58.91800000000007 
57.11300000000007 
94.57200000000134 
92.85000000000117 
36.558 
36.636 
80.09200000000095 
77.5620000000011 
51.648 
51.802 
73.39199999999998 
73.40399999999997 
99.48000000000168 
119.37800000000459 
36.232 
36.74 
51.552 
36.764 
177.40000000000788 
72.8449999999998 
57.135999999999996 
51.552 
36.572 
72.10199999999992 
51.648 
36.022 
72.68799999999992 
135.54800000000367 
51.622 
73.37800000000013 
17.873000000001795 
73.71399999999984 
71.95199999999986 
138.47000000000122 
73.05199999999998 
51.494 
58.56000000000007 
51.626000000000005 
51.884 
51.782000000000004 
36.71 
94.2640000000014 
36.362 
36.448 
36.102000000000004 
-45.58800000000006 
57.64200000000005 
115.00000000000266 
36.508 
51.59 
36.562 
36.518 
-41.50600000000016 
77.72600000000153 
51.52 
71.49599999999967 
77.97400000000127 
51.586 
95.36200000000159 
36.084 
36.614000000000004 
51.606 
36.608000000000004 
-45.02000000000009 
74.7599999999999 
36.178 
51.414 
51.386 
58.51999999999988 
124.9900000000043 
57.537999999999954 
36.384 
51.58 
51.728 
51.538000000000004 
36.56 
51.268 
36.486000000000004 
72.52200000000008 
58.92999999999972 
58.978000000000094 
36.192 
59.07599999999994 
102.16200000000059 
36.444 
36.608000000000004 
36.222 
36.12 
36.542 
51.534 
36.506 
36.224000000000004 
51.628 
99.92400000000117 
73.66399999999972 
36.27 
101.362000000001 
51.852000000000004 
51.752 
51.492000000000004 
100.91600000000119 
36.196 
93.07800000000117 
79.3940000000007 
51.634 
36.556000000000004 
21.482000000002145 
51.736000000000004 
36.828 
36.800000000000004 
36.27 
36.17 
-28.101999999999997 
60.512000000002104 
36.582 
36.694 
36.734 
58.615999999999815 
56.92599999999993 
51.474000000000004 
36.59 
59.68799999999976 
36.64 
137.47800000000294 
36.406 
51.372 
77.65400000000122 
72.08599999999998 
51.618 
36.22 
36.77 
51.596000000000004 
36.594 
36.556000000000004 
36.224000000000004 
51.632 
36.452 
94.53200000000085 
36.730000000000004 
72.99999999999989 
-37.590000000000245 
73.63200000000002 
89.26800000000077 
74.62800000000003 
140.35200000000287 
51.724000000000004 
-14.716000000000278 
51.77 
36.502 
58.652000000000186 
36.74 
95.14800000000155 
51.47 
51.746 
36.766 
72.24199999999988 
36.646 
58.389999999999894 
36.824 
51.522 
51.486000000000004 
36.628 
36.752 
73.54400000000015 
36.480000000000004 
36.754000000000005 
36.266 
94.9540000000012 
81.00800000000142 
80.3980000000013 
36.6 
51.546 
51.662 
36.554 
80.30800000000148 
36.218 
51.38 
161.20600000000314 
117.64600000000198 
80.73200000000145 
51.77 
58.41599999999973 
58.95799999999994 
73.31599999999982 
36.6 
96.7840000000016 
-11.43599999999907 
36.614000000000004 
36.322 
36.292 
74.12599999999992 
51.768 
-22.067999999999554 
36.676 
51.706 
36.566 
36.608000000000004 
36.566 
58.56799999999995 
-35.8340000000003 
74.18600000000012 
51.562 
59.42999999999991 
51.616 
80.50000000000114 
76.88600000000088 
73.50800000000008 
51.834 
51.636 
36.2 
74.23199999999983 
124.23800000000215 
36.282000000000004 
36.654 
36.588 
51.774 
36.576 
101.27600000000164 
36.704 
36.63 
51.758 
36.13 
36.688 
58.3539999999998 
35.94 
74.81999999999982 
36.52 
36.562 
51.75 
73.36399999999989 
36.134 
80.09400000000088 
119.04800000000081 
51.692 
36.532000000000004 
36.678000000000004 
36.836 
36.384 
72.47999999999996 
36.5 
36.622 
36.638 
36.746 
81.93600000000183 
51.86 
118.7540000000021 
36.556000000000004 
95.39600000000166 
36.262 
51.544000000000004 
51.404 
36.722 
79.69800000000131 
101.79600000000043 
36.474000000000004 
58.64099999999985 
58.493999999999915 
36.634 
58.77399999999985 
51.726 
81.42800000000179 
58.52000000000007 
58.32799999999985 
59.151999999999724 
36.730000000000004 
36.538000000000004 
36.566 
36.616 
59.12599999999972 
36.648 
74.3879999999996 
59.123999999999945 
56.11600000000003 
51.502 
36.534 
51.488 
74.14799999999974 
51.816 
74.00799999999981 
36.68 
51.402 
100.93400000000142 
36.676 
51.674 
36.218 
51.678000000000004 
59.38399999999986 
78.99800000000128 
103.25000000000098 
36.228 
51.578 
97.07800000000111 
36.414 
59.279999999999745 
59.57599999999985 
36.504 
51.824 
36.550000000000004 
58.8659999999997 
36.764 
36.782000000000004 
73.84199999999984 
36.578 
58.62399999999981 
36.364000000000004 
51.604 
51.648 
51.76 
36.558 
73.31800000000001 
58.34599999999979 
51.834 
36.324 
36.618 
51.664 
51.722 
36.766 
36.176 
36.446 
79.60000000000139 
51.538000000000004 
73.87599999999983 
36.746 
36.78 
-42.52000000000011 
36.656 
36.534 
51.874 
95.25800000000157 
119.3990000000009 
36.326 
58.88799999999998 
118.78800000000109 
51.620000000000005 
51.618 
36.522 
58.73400000000002 
56.85999999999995 
36.57 
36.688 
51.7 
74.4839999999997 
51.488 
51.524 
51.722 
51.458 
51.258 
72.59599999999998 
58.60999999999977 
36.278 
95.41600000000145 
72.9139999999999 
36.11 
59.14799999999997 
36.606 
51.646 
36.544000000000004 
36.676 
51.352000000000004 
74.5719999999998 
36.588 
36.494 
36.582 
75.19799999999992 
36.59 
59.18999999999994 
36.6 
60.317999999999856 
74.87399999999985 
51.522 
36.63 
51.558 
95.89000000000144 
73.9279999999998 
51.484 
36.786 
96.89200000000162 
82.48600000000064 
51.626000000000005 
51.606 
51.58 
51.436 
51.79 
59.32799999999986 
51.776 
36.6 
51.486000000000004 
51.378 
58.47199999999996 
51.444 
51.69 
36.386 
36.296 
73.60400000000007 
81.57000000000124 
59.431999999999874 
51.158 
36.512 
59.319999999999894 
51.556000000000004 
36.588 
36.596000000000004 
73.32399999999996 
51.662 
36.620000000000005 
36.51 
36.542 
51.618 
36.524 
36.494 
98.17200000000108 
51.484 
51.564 
36.536 
36.064 
36.376 
51.602000000000004 
51.808 
73.96999999999994 
81.39400000000157 
51.754000000000005 
95.41000000000143 
51.114000000000004 
58.603999999999786 
51.552 
51.568 
73.34400000000008 
36.604 
36.454 
36.744 
119.254000000001 
73.50199999999998 
36.712 
51.416000000000004 
51.68 
51.6 
96.1660000000015 
59.06599999999999 
36.446 
36.56 
51.694 
74.44999999999989 
51.592 
36.77 
51.528 
59.74200000000005 
36.382 
51.338 
36.482 
51.664 
36.444 
36.496 
73.77199999999976 
51.472 
36.34 
36.756 
51.716 
51.466 
51.744 
127.89200000000218 
57.86999999999988 
36.376 
51.434 
51.800000000000004 
51.75 
75.01799999999984 
97.51200000000101 
36.276 
51.582 
36.518 
36.254 
51.756 
36.718 
51.564 
58.42999999999977 
51.614000000000004 
58.30999999999983 
60.065999999999775 
36.786 
51.536 
36.468 
51.326 
36.798 
51.658 
51.604 
51.118 
51.526 
36.668 
36.476 
58.77799999999989 
51.706 
140.88400000000252 
82.03800000000066 
36.146 
36.568 
51.616 
73.83799999999971 
51.410000000000004 
36.882000000000005 
51.578 
58.52799999999988 
51.662 
59.41399999999997 
36.682 
59.10799999999999 
58.638000000000034 
143.43400000000162 
51.42 
51.686 
36.730000000000004 
36.620000000000005 
36.388 
51.584 
36.688 
36.254 
51.644 
51.75 
81.8700000000012 
51.466 
51.522 
51.438 
36.304 
51.458 
51.624 
73.97000000000007 
51.162 
58.2259999999999 
51.496 
36.596000000000004 
51.556000000000004 
51.686 
36.604 
51.546 
36.656 
36.584 
51.662 
36.698 
36.53 
51.800000000000004 
51.492000000000004 
36.578 
51.444 
51.506 
36.46 
57.72199999999985 
51.608000000000004 
51.546 
36.472 
36.556000000000004 
51.57 
36.218 
74.10600000000015 
36.568 
36.716 
36.61 
95.83400000000087 
51.702 
36.454 
51.59 
51.588 
36.468 
59.33999999999991 
51.758 
36.114000000000004 
-28.046000000000063 
36.636 
36.436 
36.672000000000004 
36.56 
51.678000000000004 
74.13199999999996 
51.74 
51.702 
51.592 
51.522 
58.482000000000056 
51.706 
58.40999999999987 
58.724000000000196 
51.596000000000004 
51.732 
51.498000000000005 
96.79200000000094 
36.806000000000004 
36.552 
96.14600000000169 
58.73000000000009 
51.698 
97.53000000000145 
59.28999999999995 
96.79800000000114 
36.58 
51.634 
51.51 
74.3699999999998 
36.64 
51.67 
51.522 
51.688 
51.788000000000004 
51.308 
51.652 
51.872 
51.28 
95.76400000000135 
51.562 
58.97199999999998 
36.63 
51.386 
74.21600000000004 
51.69 
51.632 
36.232 
51.674 
51.756 
51.620000000000005 
36.592 
51.54 
51.616 
73.68799999999999 
36.65 
51.466 
51.598 
36.342 
36.746 
51.574 
51.804 
51.626000000000005 
36.648 
74.80999999999999 
36.656 
51.38 
51.4 
51.714 
36.508 
73.26999999999968 
51.494 
51.252 
73.58199999999997 
36.47 
51.218 
51.722 
51.472 
51.652 
51.71 
59.31799999999999 
51.59 
36.584 
36.656 
51.578 
36.464 
51.6 
74.68199999999968 
36.152 
51.642 
51.644 
59.177999999999976 
51.458 
51.294000000000004 
51.42 
36.51 
36.566 
51.35 
36.138 
36.252 
58.615999999999886 
51.368 
51.702 
51.49 
51.132 
74.04399999999983 
51.578 
51.54 
36.492000000000004 
51.724000000000004 
51.708 
51.678000000000004 
102.16600000000182 
51.568 
51.550000000000004 
51.636 
51.658 
50.96 
51.63 
51.114000000000004 
51.214 
58.85799999999985 
51.452 
36.644 
72.96399999999988 
51.244 
51.178 
74.39999999999992 
36.374 
36.15 
36.410000000000004 
36.374 
80.04000000000127 
51.442 
73.50600000000006 
36.44 
59.002000000000045 
36.582 
73.918 
51.766 
51.562 
73.58999999999992 
72.63799999999986 
73.4699999999999 
36.496 
51.446 
58.87799999999983 
51.418 
36.58 
74.16799999999984 
51.538000000000004 
36.47 
36.434 
36.47 
36.534 
36.562 
51.664 
51.28 
36.45 
51.444 
51.774 
36.384 
36.064 
51.252 
51.366 
36.494 
73.72000000000007 
36.282000000000004 
51.674 
51.322 
36.574 
74.17199999999988 
36.454 
51.556000000000004 
51.69 
51.522 
36.528 
73.82599999999991 
51.294000000000004 
51.806000000000004 
51.366 
51.332 
51.356 
95.63200000000089 
73.41999999999982 
36.484 
36.538000000000004 
51.692 
36.53 
51.51 
51.704 
51.104 
51.676 
51.174 
51.372 
51.696 
51.574 
36.672000000000004 
36.468 
36.4 
51.766 
58.909999999999926 
36.466 
36.578 
51.648 
51.198 
36.504 
51.048 
51.396 
74.47199999999998 
51.662 
51.59 
36.306 
95.63900000000086 
51.516 
51.52 
51.742000000000004 
51.646 
51.392 
51.582 
51.582 
51.708 
51.642 
51.45 
51.51 
36.408 
51.444 
51.478 
36.512 
51.516 
51.234 
51.658 
51.038000000000004 
36.672000000000004 
51.162 
51.458 
51.114000000000004 
36.1 
51.25 
73.94599999999987 
51.622 
51.178 
73.6940000000001 
51.564 
51.592 
51.584 
51.376 
36.476 
51.18 
36.568 
51.312 
51.472 
74.22799999999978 
36.586 
51.404 
36.56 
51.554 
51.394 
73.4359999999999 
36.672000000000004 
36.356 
58.23999999999979 
51.552 
51.17 
73.95799999999984 
51.518 
51.64 
51.436 
71.04799999999986 
51.376 
51.272 
51.672000000000004 
73.97000000000011 
51.372 
51.594 
59.23399999999988 
51.49 
51.550000000000004 
51.546 
51.454 
73.62599999999989 
36.65 
51.47 
51.478 
51.54 
51.344 
74.386 
51.476 
74.40799999999984 
51.636 
36.342 
51.594 
51.626000000000005 
51.566 
58.57599999999998 
51.478 
58.97599999999976 
51.402 
51.622 
51.644 
51.514 
74.28399999999989 
51.312 
51.466 
51.324 
51.49 
51.528 
73.51799999999989 
74.91399999999982 
36.662 
73.01799999999994 
51.612 
51.54 
36.43 
51.518 
51.528 
36.4 
51.628 
51.54 
51.458 
36.416000000000004 
51.442 
51.576 
51.648 
51.508 
36.436 
51.552 
51.660000000000004 
51.478 
51.524 
73.61000000000001 
51.534 
51.516 
51.480000000000004 
36.378 
73.0859999999999 
51.568 
51.542 
36.482 
51.614000000000004 
51.776 
36.65 
51.728 
51.618 
51.452 
51.472 
36.508 
51.480000000000004 
51.682 
73.94599999999986 
74.58599999999983 
51.370000000000005 
51.6 
51.6 
51.668 
73.444 
51.746 
36.372 
51.538000000000004 
51.574 
51.6 
51.602000000000004 
51.462 
51.232 
51.352000000000004 
74.30599999999977 
97.3220000000021 
36.492000000000004 
51.484 
51.738 
51.58 
51.536 
51.578 
51.634 
51.458 
51.556000000000004 
74.53399999999988 
95.01100000000083 
51.506 
74.18399999999988 
51.370000000000005 
102.05000000000162 
51.660000000000004 
51.534 
51.526 
51.402 
36.5 
59.887999999999906 
51.634 
51.732 
51.492000000000004 
51.594 
51.394 
51.6 
51.53 
36.486000000000004 
51.488 
36.412 
51.586 
36.36 
36.546 
59.16399999999982 
73.5079999999999 
36.550000000000004 
51.522 
74.7059999999999 
51.642 
51.518 
73.76199999999973 
51.534 
51.602000000000004 
51.498000000000005 
36.698 
51.602000000000004 
51.54 
51.428000000000004 
51.442 
36.552 
74.49599999999991 
51.708 
51.54 
51.414 
36.512 
73.85999999999997 
51.620000000000005 
51.314 
36.478 
74.54799999999975 
51.172000000000004 
36.01 
51.58 
51.356 
36.458 
51.532000000000004 
36.550000000000004 
51.608000000000004 
36.52 
51.334 
51.618 
51.616 
36.588 
51.472 
51.438 
36.502 
36.49 
51.57 
51.274 
51.698 
36.46 
51.526 
51.522 
36.612 
51.268 
51.356 
51.53 
51.438 
51.586 
73.9999999999999 
59.92999999999989 
51.606 
51.432 
36.508 
36.404 
73.61999999999969 
51.53 
51.614000000000004 
51.282000000000004 
51.604 
51.648 
51.53 
73.94 
73.392 
51.714 
51.498000000000005 
51.502 
51.546 
51.352000000000004 
51.624 
51.576 
51.634 
74.45199999999994 
51.544000000000004 
51.294000000000004 
73.87799999999984 
51.498000000000005 
51.662 
51.58 
36.52 
51.198 
51.58 
97.020000000001 
51.508 
51.59 
51.408 
51.522 
36.494 
51.632 
51.548 
51.636 
51.336 
117.68400000000129 
51.552 
51.546 
51.578 
51.546 
51.414 
51.642 
51.448 
36.562 
51.602000000000004 
51.45 
74.42799999999997 
51.704 
51.382 
51.638 
51.64 
73.6619999999999 
51.492000000000004 
51.564 
51.514 
73.37999999999991 
73.80799999999999 
36.61 
36.484 
51.59 
51.426 
51.386 
51.300000000000004 
51.254 
73.76400000000001 
51.536 
51.44 
73.76599999999979 
51.61 
36.584 
51.730000000000004 
51.612 
51.61 
51.67 
51.326 
74.79999999999995 
73.29399999999994 
36.476 
51.4 
73.73599999999986 
51.654 
51.45 
51.492000000000004 
36.568 
51.678000000000004 
51.494 
51.734 
51.658 
36.422000000000004 
51.414 
51.572 
51.606 
51.456 
51.682 
74.12599999999973 
36.548 
51.362 
51.480000000000004 
51.31 
51.472 
51.482 
51.788000000000004 
74.34200000000008 
58.805999999999926 
51.378 
51.386 
51.58 
51.292 
51.636 
51.346000000000004 
36.442 
36.448 
73.81799999999973 
73.34600000000013 
51.28 
36.656 
51.426 
73.70399999999992 
36.488 
36.578 
73.64799999999994 
73.8079999999999 
36.316 
51.426 
51.412 
51.294000000000004 
73.29799999999997 
72.87800000000004 
51.446 
51.476 
141.67000000000246 
51.614000000000004 
51.456 
51.288000000000004 
51.304 
51.356 
51.492000000000004 
36.454 
51.466 
51.504 
73.19599999999987 
51.444 
51.688 
36.398 
51.258 
51.864000000000004 
51.538000000000004 
51.394 
51.208 
51.648 
51.54 
74.31200000000014 
51.528 
51.468 
36.376 
36.42 
51.578 
58.318 
51.49 
36.516 
36.45 
35.99 
51.464 
36.652 
51.51 
51.5 
36.468 
36.18 
51.462 
51.302 
36.53 
51.544000000000004 
51.634 
51.306 
74.20800000000007 
73.67399999999991 
36.556000000000004 
51.492000000000004 
96.55400000000154 
36.486000000000004 
74.5360000000001 
36.484 
36.638 
73.97400000000006 
74.0480000000001 
51.284 
73.55599999999986 
51.564 
36.556000000000004 
51.654 
51.464 
58.40199999999992 
51.61 
51.336 
59.670000000000186 
51.692 
51.836 
51.314 
51.54 
36.46 
51.508 
36.456 
51.508 
51.654 
36.606 
36.414 
51.532000000000004 
36.482 
51.59 
51.214 
51.302 
73.54999999999993 
36.5 
51.538000000000004 
51.454 
36.516 
36.572 
51.35 
51.56 
51.532000000000004 
36.538000000000004 
36.514 
51.364000000000004 
51.314 
51.448 
51.59 
51.612 
51.296 
51.428000000000004 
51.644 
51.356 
51.538000000000004 
51.396 
73.02399999999992 
51.28 
36.730000000000004 
51.508 
51.364000000000004 
51.558 
36.642 
36.666000000000004 
51.442 
51.22 
36.496 
51.544000000000004 
51.61 
51.54 
51.276 
51.53 
51.444 
51.660000000000004 
51.308 
36.494 
51.81 
51.418 
95.42600000000068 
36.586 
51.574 
73.37599999999992 
51.692 
51.512 
51.498000000000005 
51.586 
51.384 
51.716 
51.372 
51.478 
36.556000000000004 
51.52 
71.45600000000002 
51.702 
51.612 
36.628 
51.632 
51.480000000000004 
51.31 
57.88599999999996 
51.484 
51.602000000000004 
36.388 
51.598 
51.574 
51.582 
36.398 
36.422000000000004 
51.528 
74.09000000000005 
51.568 
72.7919999999999 
51.498000000000005 
36.506 
51.64 
51.498000000000005 
36.52 
36.426 
51.452 
51.51 
51.506 
51.418 
51.388 
51.516 
51.432 
51.532000000000004 
51.622 
51.506 
51.486000000000004 
51.476 
73.334 
51.674 
96.08400000000088 
74.09600000000007 
51.462 
51.6 
51.428000000000004 
51.504 
117.63000000000169 
51.114000000000004 
73.84600000000012 
51.414 
51.480000000000004 
73.32399999999991 
51.28 
73.44 
51.476 
74.34200000000006 
74.52399999999994 
51.698 
51.52 
51.362 
73.67599999999993 
51.606 
51.288000000000004 
71.76599999999999 
51.284 
51.532000000000004 
51.26 
51.550000000000004 
36.492000000000004 
51.528 
51.654 
51.668 
51.458 
51.26 
51.528 
51.458 
51.592 
51.574 
51.354 
51.676 
36.6 
51.526 
95.2980000000007 
35.966 
36.550000000000004 
51.446 
36.386 
36.226 
94.14500000000115 
51.686 
51.586 
51.29 
51.338 
51.644 
51.45 
51.492000000000004 
74.22999999999992 
51.356 
51.426 
57.7860000000003 
51.47 
51.242000000000004 
51.736000000000004 
51.518 
51.316 
51.572 
51.19 
51.498000000000005 
51.558 
51.632 
51.764 
51.392 
51.488 
51.516 
51.44 
51.738 
74.41000000000005 
51.438 
51.67 
51.6 
51.624 
51.638 
51.646 
74.06799999999993 
51.698 
51.658 
51.358000000000004 
51.53 
-49.094 
51.628 
51.620000000000005 
51.642 
51.846000000000004 
58.42999999999991 
51.61 
51.372 
51.564 
51.370000000000005 
51.624 
51.6 
51.624 
51.662 
51.598 
51.536 
51.658 
51.58 
51.646 
51.338 
36.480000000000004 
51.656 
51.298 
51.654 
51.478 
51.514 
36.384 
51.512 
51.668 
51.704 
51.538000000000004 
51.568 
36.534 
51.552 
51.452 
51.422000000000004 
51.562 
74.1680000000001 
51.312 
51.662 
36.542 
51.732 
51.642 
51.678000000000004 
51.6 
51.506 
51.562 
73.37000000000006 
51.594 
51.368 
51.522 
51.522 
51.536 
51.698 
51.466 
51.746 
51.598 
51.112 
51.516 
36.414 
51.572 
51.516 
51.652 
51.564 
51.432 
51.536 
51.756 
51.592 
51.412 
51.592 
36.472 
51.64 
95.56000000000122 
51.642 
59.916 
51.620000000000005 
51.816 
51.538000000000004 
51.384 
51.608000000000004 
51.382 
51.486000000000004 
51.568 
51.478 
51.536 
51.582 
51.668 
51.608000000000004 
51.63 
51.304 
36.38 
73.91600000000003 
51.584 
51.896 
51.586 
36.508 
51.754000000000005 
51.288000000000004 
51.476 
51.432 
51.718 
51.476 
51.544000000000004 
51.418 
51.672000000000004 
96.24600000000072 
51.572 
51.53 
36.436 
51.306 
74.42800000000008 
51.504 
51.586 
51.264 
51.42 
51.536 
51.524 
51.620000000000005 
51.706 
51.608000000000004 
51.344 
51.502 
51.59 
51.582 
51.546 
116.52600000000176 
51.588 
51.312 
51.426 
51.542 
36.468 
51.602000000000004 
51.428000000000004 
51.326 
51.492000000000004 
51.706 
51.666000000000004 
51.556000000000004 
51.658 
51.448 
51.432 
51.606 
36.438 
51.442 
51.398 
51.626000000000005 
51.646 
36.694 
51.57 
51.748000000000005 
51.434 
51.548 
51.372 
51.396 
51.550000000000004 
51.462 
51.56 
73.39399999999988 
51.424 
51.53 
51.332 
51.536 
36.564 
36.42 
51.522 
36.592 
36.458 
51.498000000000005 
51.496 
51.388 
51.576 
51.11 
51.616 
36.416000000000004 
51.29 
51.4 
36.614000000000004 
51.424 
51.286 
51.288000000000004 
51.284 
51.628 
51.532000000000004 
51.428000000000004 
51.552 
51.552 
51.358000000000004 
51.19 
51.468 
51.594 
51.496 
51.502 
73.0959999999999 
51.644 
51.496 
51.472 
51.332 
51.466 
36.392 
36.596000000000004 
51.46 
51.288000000000004 
51.316 
51.486000000000004 
36.456 
51.274 
51.274 
51.486000000000004 
36.574 
51.408 
51.554 
51.46 
51.416000000000004 
51.228 
51.312 
51.294000000000004 
51.466 
51.488 
51.49 
36.562 
74.19200000000001 
51.318 
57.8039999999999 
51.56 
51.712 
51.56 
51.484 
51.652 
36.416000000000004 
36.484 
51.332 
51.466 
51.54 
51.572 
72.7159999999997 
51.274 
51.402 
36.482 
51.59 
36.534 
51.368 
36.358000000000004 
51.426 
51.204 
36.486000000000004 
51.584 
51.042 
51.494 
51.538000000000004 
51.304 
51.414 
51.428000000000004 
51.458 
51.426 
51.128 
51.46 
73.77600000000007 
72.61599999999997 
51.418 
51.264 
36.448 
51.47 
51.4 
93.52800000000128 
51.422000000000004 
36.298 
73.95200000000003 
51.236000000000004 
51.394 
51.398 
36.196 
51.604 
51.254 
51.26 
73.90600000000015 
51.45 
51.408 
51.286 
96.01200000000088 
51.538000000000004 
36.404 
51.488 
51.484 
51.466 
51.366 
36.32 
51.576 
51.22 
36.226 
51.468 
51.49 
51.448 
51.462 
51.318 
51.452 
51.15 
51.33 
36.352000000000004 
51.292 
36.496 
51.410000000000004 
51.388 
51.52 
51.414 
51.39 
51.5 
51.488 
51.29 
51.234 
51.38 
95.86800000000105 
51.422000000000004 
94.51800000000102 
36.416000000000004 
51.584 
51.278 
36.484 
51.306 
73.44799999999992 
51.42 
51.4 
51.456 
51.46 
51.370000000000005 
51.574 
51.526 
51.410000000000004 
36.518 
51.44 
51.42 
51.566 
51.262 
51.5 
70.51199999999963 
51.436 
36.394 
51.64 
51.416000000000004 
51.592 
51.518 
51.488 
51.282000000000004 
51.51 
51.480000000000004 
73.62800000000006 
51.276 
51.32 
51.454 
51.264 
51.438 
51.464 
51.488 
36.322 
51.382 
36.506 
51.176 
51.336 
36.606 
73.78199999999998 
51.502 
51.49 
51.586 
51.274 
51.4 
73.02599999999987 
51.364000000000004 
51.382 
51.288000000000004 
51.214 
51.396 
51.002 
51.608000000000004 
51.542 
51.362 
51.19 
73.20399999999981 
51.388 
51.478 
36.5 
51.578 
51.458 
51.516 
51.07 
51.358000000000004 
36.58 
51.142 
36.22 
51.478 
51.046 
51.362 
51.344 
51.416000000000004 
74.25399999999985 
51.562 
36.448 
51.52 
51.466 
51.148 
51.176 
51.596000000000004 
51.468 
51.144 
73.35400000000017 
51.462 
51.492000000000004 
51.24 
36.438 
36.572 
51.506 
51.45 
51.176 
51.556000000000004 
51.642 
51.482 
51.272 
36.412 
51.4 
51.414 
51.394 
51.61 
51.296 
51.248 
51.42 
51.508 
51.480000000000004 
51.554 
51.496 
36.428000000000004 
51.272 
36.348 
51.21 
51.168 
51.504 
51.318 
51.132 
51.51 
36.458 
51.674 
51.246 
51.202 
51.392 
36.054 
51.410000000000004 
51.39 
51.542 
51.234 
51.228 
36.362 
51.17 
51.54 
73.43199999999987 
51.586 
94.84400000000133 
51.426 
51.562 
36.18 
50.988 
36.274 
51.342 
51.262 
51.408 
51.12 
51.528 
36.302 
36.254 
51.42 
51.27 
74.54400000000007 
51.436 
73.69199999999978 
36.312 
51.178 
51.31 
36.466 
51.558 
73.80600000000007 
51.484 
51.194 
51.318 
36.398 
51.28 
51.526 
51.504 
51.22 
74.5479999999998 
36.324 
36.478 
51.49 
74.01799999999997 
51.238 
51.230000000000004 
51.358000000000004 
51.542 
51.162 
51.34 
51.138 
51.384 
51.408 
51.248 
51.558 
51.566 
51.442 
73.09199999999996 
51.326 
51.554 
36.332 
51.476 
51.408 
51.43 
51.342 
51.13 
51.368 
51.422000000000004 
51.438 
51.19 
51.414 
51.232 
74.08199999999985 
51.126 
51.312 
51.362 
51.278 
51.454 
51.628 
51.246 
73.02199999999996 
51.378 
36.536 
51.332 
51.276 
51.47 
51.192 
51.332 
51.578 
51.474000000000004 
51.556000000000004 
51.564 
51.42 
51.392 
51.370000000000005 
51.42 
51.410000000000004 
51.146 
51.376 
51.47 
51.544000000000004 
51.378 
51.354 
36.264 
96.77000000000155 
51.192 
51.394 
51.612 
74.35399999999998 
51.506 
51.408 
51.328 
51.318 
51.396 
51.214 
51.5 
51.344 
51.226 
51.454 
51.516 
73.99799999999995 
36.488 
51.386 
51.576 
51.154 
51.21 
51.394 
36.384 
51.312 
51.374 
51.054 
51.35 
51.518 
51.362 
51.370000000000005 
51.586 
51.244 
36.550000000000004 
36.480000000000004 
73.14999999999992 
51.278 
51.546 
51.13 
51.462 
73.70599999999993 
51.28 
51.474000000000004 
36.332 
51.202 
51.402 
51.44 
51.424 
51.508 
51.018 
51.364000000000004 
51.492000000000004 
36.47 
51.516 
51.332 
51.342 
51.158 
51.228 
51.216 
73.90400000000005 
36.552 
51.206 
51.59 
51.528 
51.634 
51.444 
51.422000000000004 
51.392 
51.28 
51.394 
51.298 
51.244 
51.368 
51.46 
51.522 
51.242000000000004 
51.312 
51.394 
74.2480000000001 
36.288000000000004 
51.228 
51.376 
51.396 
51.352000000000004 
51.392 
36.382 
51.49 
51.386 
36.53 
36.47 
51.452 
51.546 
36.256 
51.098 
51.17 
51.39 
51.186 
51.274 
51.49 
51.284 
51.160000000000004 
51.49 
36.372 
36.19 
51.122 
51.476 
93.6860000000009 
51.18 
51.25 
51.284 
51.464 
51.228 
51.152 
51.354 
51.268 
51.408 
51.292 
51.25 
36.472 
51.46 
51.208 
51.274 
73.9840000000003 
51.410000000000004 
73.09399999999991 
51.428000000000004 
51.572 
51.338 
36.446 
51.218 
51.484 
51.160000000000004 
51.042 
73.42799999999997 
51.422000000000004 
51.488 
51.22 
36.418 
51.496 
58.94399999999996 
51.178 
51.266 
36.232 
51.356 
51.424 
51.418 
72.94000000000008 
51.562 
51.074 
51.348 
59.17799999999997 
51.39 
51.554 
51.174 
51.232 
51.446 
51.362 
51.306 
36.424 
51.292 
51.370000000000005 
51.092 
36.254 
51.376 
51.304 
51.31 
51.568 
51.452 
51.366 
51.318 
36.342 
36.306 
51.69 
51.34 
51.354 
51.54 
51.294000000000004 
51.258 
51.38 
51.334 
51.394 
73.8300000000001 
51.394 
51.292 
51.404 
51.176 
51.336 
51.456 
51.206 
51.574 
51.162 
51.424 
51.278 
72.30799999999992 
51.236000000000004 
94.80200000000067 
51.24 
51.314 
36.094 
51.458 
36.352000000000004 
51.192 
51.322 
51.118 
36.164 
51.408 
51.606 
51.43 
51.476 
36.186 
51.248 
51.614000000000004 
51.428000000000004 
51.324 
51.456 
51.444 
36.370000000000005 
51.314 
51.618 
36.428000000000004 
51.132 
36.482 
51.480000000000004 
36.476 
51.324 
51.148 
36.480000000000004 
51.008 
51.25 
51.526 
51.480000000000004 
51.322 
51.336 
51.526 
51.496 
51.514 
51.648 
73.37600000000008 
51.316 
51.238 
51.602000000000004 
51.554 
51.508 
51.158 
58.728000000000094 
51.306 
51.52 
51.244 
36.43 
36.188 
51.586 
51.402 
51.25 
51.45 
51.412 
51.448 
51.236000000000004 
51.402 
51.230000000000004 
51.522 
51.562 
51.348 
51.418 
51.574 
36.186 
73.09400000000002 
51.344 
51.524 
51.222 
51.542 
51.272 
51.578 
51.236000000000004 
51.258 
51.204 
51.546 
51.528 
51.552 
51.46 
74.34600000000013 
51.422000000000004 
36.368 
36.21 
36.31 
51.12 
51.256 
51.276 
51.4 
51.13 
36.262 
51.296 
51.206 
51.44 
36.300000000000004 
51.534 
51.586 
51.404 
51.032000000000004 
51.27 
51.43 
-49.512 
51.65 
51.414 
51.47 
51.546 
36.426 
36.388 
51.27 
36.25 
51.532000000000004 
51.474000000000004 
36.43 
36.368 
51.502 
51.39 
36.432 
51.374 
36.432 
51.532000000000004 
36.278 
51.468 
51.426 
36.410000000000004 
51.294000000000004 
51.528 
51.53 
51.476 
51.374 
51.18 
51.448 
51.394 
51.606 
51.356 
51.438 
51.508 
51.51 
51.212 
51.276 
51.398 
51.398 
36.256 
51.292 
58.44399999999983 
51.25 
51.4 
51.304 
51.238 
51.294000000000004 
51.426 
36.53 
51.406 
36.434 
36.242000000000004 
36.354 
51.358000000000004 
51.352000000000004 
51.422000000000004 
51.542 
51.498000000000005 
51.480000000000004 
51.5 
51.676 
51.478 
51.464 
51.53 
51.458 
51.682 
51.506 
51.682 
51.456 
51.454 
51.364000000000004 
51.414 
51.056 
51.354 
51.160000000000004 
74.21599999999995 
51.482 
51.246 
36.428000000000004 
51.412 
51.406 
51.362 
51.196 
51.32 
50.962 
51.484 
-48.818 
51.484 
51.604 
51.436 
51.620000000000005 
51.242000000000004 
51.556000000000004 
51.354 
36.374 
51.428000000000004 
51.322 
51.366 
74.6519999999999 
51.582 
51.368 
51.544000000000004 
51.504 
51.28 
73.30600000000004 
51.544000000000004 
51.322 
51.160000000000004 
51.302 
51.336 
51.514 
51.268 
51.434 
51.488 
51.244 
51.492000000000004 
51.296 
51.482 
74.27500000000008 
-28.41 
51.36 
51.582 
36.272 
51.476 
51.234 
51.442 
74.38400000000004 
51.49 
51.238 
51.456 
51.406 
51.432 
51.370000000000005 
51.234 
51.308 
51.606 
51.42 
51.45 
51.468 
51.402 
51.328 
51.094 
36.496 
51.49 
36.45 
36.276 
51.488 
71.9079999999999 
51.504 
51.368 
36.284 
51.304 
51.358000000000004 
51.2 
51.458 
51.57 
74.01800000000011 
51.292 
51.186 
51.366 
51.388 
51.5 
51.344 
51.448 
51.19 
51.386 
51.424 
51.478 
51.432 
51.198 
51.522 
-48.33 
51.286 
51.19 
36.508 
51.4 
51.32 
51.34 
51.296 
51.5 
51.43 
36.412 
51.318 
36.300000000000004 
51.358000000000004 
51.242000000000004 
51.252 
36.476 
51.234 
51.29 
51.06 
51.366 
51.442 
36.392 
51.304 
51.532000000000004 
74.28400000000006 
36.434 
51.478 
51.52 
73.99200000000005 
51.344 
51.322 
36.454 
51.294000000000004 
51.474000000000004 
51.334 
36.486000000000004 
73.80600000000015 
51.448 
51.186 
51.550000000000004 
51.428000000000004 
51.498000000000005 
51.536 
36.332 
36.272 
51.326 
51.276 
51.514 
51.370000000000005 
36.356 
51.176 
36.152 
51.44 
51.326 
51.112 
51.486000000000004 
51.226 
51.502 
51.296 
51.158 
51.106 
51.372 
36.51 
51.378 
51.268 
51.466 
51.474000000000004 
51.376 
36.442 
51.35 
51.148 
51.414 
51.334 
51.24 
51.308 
51.206 
51.004 
51.232 
36.428000000000004 
51.384 
51.194 
51.354 
73.20999999999982 
51.374 
51.39 
51.15 
51.49 
36.248 
51.308 
51.352000000000004 
51.404 
51.222 
51.358000000000004 
51.49 
51.612 
51.326 
51.236000000000004 
51.378 
51.234 
51.226 
51.52 
51.498000000000005 
51.194 
51.452 
51.378 
36.076 
-48.76 
51.322 
51.082 
36.376 
51.39 
51.39 
51.196 
51.034 
51.454 
51.114000000000004 
51.292 
51.216 
51.45 
51.228 
51.424 
51.262 
-28.624 
51.486000000000004 
36.326 
51.362 
51.39 
51.348 
51.294000000000004 
51.298 
58.73400000000006 
51.234 
51.348 
-28.459999999999997 
51.102000000000004 
51.27 
51.238 
51.22 
51.274 
51.358000000000004 
51.49 
36.396 
51.338 
74.70599999999996 
51.492000000000004 
36.214 
51.306 
51.410000000000004 
51.478 
51.14 
51.454 
51.128 
51.228 
51.414 
73.9919999999998 
51.524 
36.47 
36.394 
36.188 
51.182 
51.056 
36.242000000000004 
36.486000000000004 
36.386 
51.45 
51.196 
51.244 
51.278 
51.282000000000004 
74.18800000000017 
51.316 
51.4 
51.216 
51.262 
51.346000000000004 
51.364000000000004 
51.158 
51.47 
51.480000000000004 
36.416000000000004 
51.262 
51.358000000000004 
36.266 
51.206 
36.336 
51.524 
36.308 
51.53 
51.372 
51.42 
51.418 
51.208 
51.422000000000004 
51.264 
51.424 
51.436 
51.358000000000004 
51.552 
36.166000000000004 
36.268 
51.25 
36.466 
36.064 
36.368 
51.25 
51.49 
51.322 
74.31799999999996 
51.264 
36.236000000000004 
51.482 
51.304 
51.296 
51.284 
51.146 
51.11 
36.13 
74.76600000000012 
51.014 
-48.562 
51.21 
51.362 
51.46 
51.136 
51.498000000000005 
51.356 
51.342 
51.292 
51.474000000000004 
51.536 
36.374 
51.138 
51.134 
51.218 
51.25 
36.288000000000004 
51.208 
51.222 
73.56600000000012 
51.564 
51.446 
51.174 
51.196 
51.04 
51.5 
