-34.26500000000001 
-48.32600000000008 
-34.12899999999996 
-48.997000000000014 
-57.065 
-47.12000000000013 
-48.647000000000055 
-47.53300000000006 
-47.1660000000001 
-24.7090000000001 
-50.91800000000003 
-33.58700000000001 
-50.75300000000002 
-29.281000000000027 
-48.37500000000007 
-34.939999999999884 
-28.835000000000086 
-52.09600000000001 
-51.218000000000075 
-48.241000000000064 
-54.58800000000001 
-34.231999999999964 
-47.45300000000012 
-55.43699999999993 
-52.591999999999985 
-48.24900000000005 
-37.667999999999864 
-29.335000000000036 
-46.387 
-31.70299999999997 
-51.82100000000001 
-31.734 
-32.07400000000007 
-31.314000000000036 
-48.683000000000035 
-49.13000000000002 
-36.62300000000003 
-34.24899999999994 
-26.354000000000052 
-28.58100000000001 
-30.600000000000055 
-51.069999999999986 
-29.42500000000006 
-27.598000000000006 
-23.86199999999994 
-47.18800000000007 
-53.117999999999995 
-46.77100000000011 
-32.89599999999993 
-27.735000000000053 
-49.549 
-31.041000000000032 
-48.90300000000001 
-49.31200000000001 
-46.34500000000007 
-53.91499999999995 
-48.220000000000084 
-31.24800000000001 
-49.119000000000014 
-52.53699999999993 
-29.688000000000013 
-32.60700000000003 
-28.018000000000065 
-48.74700000000006 
-50.606000000000016 
-26.402000000000132 
-25.985000000000085 
-48.79000000000004 
-34.092999999999996 
-31.227999999999987 
-51.15 
-32.30699999999999 
-29.614000000000047 
-49.59100000000006 
-32.13399999999998 
-26.020000000000064 
-31.338000000000083 
-31.49199999999998 
-28.53799999999999 
-33.79399999999995 
-29.191000000000052 
-49.53000000000003 
-50.43200000000002 
-48.782000000000025 
-30.573000000000047 
-32.52799999999997 
-48.150000000000084 
-51.184000000000005 
-31.064000000000057 
-45.41500000000011 
-32.896999999999984 
-31.37800000000005 
-48.61000000000007 
-30.76000000000004 
-32.70099999999997 
-49.24100000000001 
-24.483000000000025 
-34.81899999999995 
-25.418000000000035 
-47.01800000000006 
-46.869000000000035 
-35.566000000000045 
-32.01499999999999 
-26.977000000000043 
-37.252000000000066 
-35.542999999999935 
-32.92600000000003 
-48.51200000000005 
-33.42800000000005 
-49.743000000000016 
-34.84499999999997 
-30.720000000000017 
-28.885000000000012 
-52.49199999999995 
-50.641000000000076 
-34.10899999999999 
-27.144000000000073 
-34.57699999999996 
-48.91800000000004 
-51.754999999999995 
-48.034000000000084 
-48.933 
-31.758000000000003 
-37.429000000000116 
-34.72600000000004 
-34.96800000000006 
-34.23499999999998 
-34.906000000000034 
-33.728999999999985 
-28.795000000000055 
-27.28200000000006 
-37.23299999999995 
-33.22100000000006 
-29.066999999999968 
-33.11199999999993 
-28.781000000000066 
-50.61500000000011 
-41.320000000000064 
-34.26499999999987 
-26.581000000000053 
-32.007999999999946 
-36.25199999999991 
-33.42399999999999 
-35.85300000000009 
-47.06400000000006 
-34.61599999999996 
-28.248000000000037 
-33.154000000000025 
-32.36100000000003 
-48.872000000000014 
-35.0329999999999 
-42.73099999999997 
-34.911999999999935 
-50.39300000000003 
-35.57599999999999 
-34.26999999999998 
-55.90100000000008 
-33.47699999999997 
-41.50000000000007 
-36.34899999999993 
-34.95800000000003 
-37.190000000000005 
-31.609000000000037 
-47.7830000000001 
-30.701999999999995 
-48.924000000000035 
-39.86200000000006 
-38.310999999999865 
-42.18399999999983 
-35.413 
-40.14999999999987 
-39.585999999999906 
-36.937999999999974 
-50.20999999999999 
-40.15700000000002 
-41.907999999999866 
-41.166000000000075 
-46.122000000000014 
-30.63400000000008 
-41.27399999999987 
-40.471999999999824 
-36.87299999999988 
-37.133 
-38.00299999999989 
-37.41299999999993 
-37.687 
-39.81399999999985 
-36.613000000000035 
-53.84400000000001 
-31.27000000000001 
-48.70200000000001 
-32.85599999999997 
-49.524000000000015 
-35.358999999999924 
-39.392 
-41.23199999999997 
-34.49099999999998 
-33.45099999999996 
-53.51999999999996 
-41.021999999999984 
-27.177000000000078 
-34.259999999999884 
-33.68799999999998 
-32.79199999999999 
-33.156 
-34.555999999999955 
-34.332999999999956 
-33.14799999999995 
-33.28300000000003 
-35.77099999999993 
-32.258999999999965 
-28.384000000000107 
-51.83099999999999 
-36.13300000000007 
-31.26800000000006 
-30.90700000000008 
-34.85699999999998 
-37.592999999999975 
-48.37200000000008 
-37.53699999999993 
-40.038000000000096 
-34.75699999999995 
-33.38499999999994 
-34.52899999999995 
-33.01699999999995 
-34.789999999999864 
-35.15600000000004 
-35.104999999999976 
-34.635000000000005 
-31.46700000000003 
-35.973999999999805 
-34.647 
-35.90099999999999 
-32.37000000000011 
-35.946999999999946 
-35.797999999999995 
-50.079 
-33.05299999999998 
-34.637000000000015 
-37.06599999999974 
-31.47600000000001 
-34.385999999999925 
-34.00899999999999 
-36.705000000000034 
-27.79900000000006 
-35.441999999999965 
-34.757999999999996 
-34.58199999999992 
-36.84700000000003 
-34.65799999999991 
-31.19200000000005 
-33.15299999999992 
-35.18299999999998 
-34.19299999999991 
-29.99400000000004 
-52.52200000000001 
-34.986 
-36.02999999999999 
-34.27299999999989 
-35.43099999999997 
-49.87600000000001 
-36.28499999999994 
-36.149999999999984 
-55.144999999999925 
-34.136999999999944 
-30.397000000000066 
-34.750999999999934 
-34.091000000000015 
-31.522000000000073 
-51.59499999999997 
-30.485000000000042 
-28.241000000000078 
-35.331000000000046 
-35.34500000000004 
-32.94499999999995 
-35.3799999999999 
-33.56199999999994 
-38.834000000000096 
-36.416999999999994 
-34.874999999999915 
-31.314000000000025 
-34.819 
-34.069999999999915 
-34.603999999999886 
-34.211 
-51.59400000000006 
-35.01699999999999 
-60.04800000000016 
-35.81000000000006 
-34.63799999999992 
-35.335999999999885 
-35.62199999999993 
-30.608000000000075 
-51.490999999999985 
-35.622999999999784 
-34.47200000000001 
-34.709000000000024 
-34.22099999999996 
-37.36600000000003 
-34.91999999999999 
-33.388999999999946 
-35.91499999999995 
-36.236000000000004 
-36.5770000000001 
-32.63399999999995 
-35.31200000000004 
-35.51799999999996 
-35.582999999999956 
-30.833000000000045 
-35.20499999999996 
-37.06799999999987 
-36.253999999999934 
-36.44199999999995 
-34.49499999999995 
-35.70799999999996 
-34.84600000000003 
-32.86099999999995 
-32.22499999999996 
-37.537999999999954 
-36.64799999999997 
-35.041 
-35.03999999999998 
-36.18999999999989 
-35.118999999999986 
-34.996999999999886 
-36.001999999999974 
-38.002 
-33.93599999999989 
-36.3159999999999 
-35.63099999999997 
-36.54799999999996 
-35.42299999999986 
-36.711999999999975 
-36.68600000000001 
-37.184000000000076 
-34.10499999999995 
-36.189000000000064 
-35.75899999999999 
-34.075999999999965 
-35.28299999999993 
-36.693000000000076 
-34.94899999999986 
-35.616999999999926 
-36.68199999999998 
-33.37699999999999 
-34.408999999999956 
-36.64899999999992 
-37.68799999999995 
-34.993999999999936 
-35.70299999999994 
-32.71599999999993 
-33.31799999999992 
-35.95099999999994 
-35.721999999999966 
-36.89900000000005 
-31.53799999999997 
-34.79299999999999 
-37.117999999999924 
-35.99200000000008 
-53.19299999999998 
-36.24499999999999 
-37.60399999999995 
-34.682 
-36.956000000000074 
-33.77599999999995 
-36.97899999999998 
-36.63999999999998 
-36.83200000000005 
-33.707999999999956 
-32.053999999999995 
-34.90599999999998 
-35.546999999999926 
-36.057999999999986 
-35.87699999999999 
-39.31899999999993 
-36.406000000000084 
-35.47499999999998 
-32.93199999999995 
-36.167 
-38.231000000000066 
-36.562 
-38.06199999999997 
-35.47299999999997 
-34.78099999999997 
-33.41799999999994 
-35.19599999999997 
-32.42799999999994 
-34.24999999999993 
-35.38600000000001 
-33.51699999999999 
-35.36499999999991 
-35.04699999999995 
-37.33000000000002 
-31.712999999999965 
-35.041000000000004 
-37.11900000000002 
-35.79899999999998 
-35.74299999999992 
-36.109 
-35.796999999999976 
-36.030999999999985 
-35.84499999999989 
-34.40599999999988 
-36.19599999999997 
-34.304 
-32.548999999999985 
-35.502999999999965 
-35.13499999999991 
-36.291000000000004 
-34.99500000000001 
-34.84799999999994 
-35.224999999999945 
-35.20299999999996 
-35.07199999999989 
-34.03999999999995 
-35.67899999999988 
-35.68499999999995 
-35.89899999999996 
-34.46299999999995 
-34.78300000000005 
-36.640000000000036 
-34.296999999999905 
-35.440000000000055 
-34.65799999999996 
-36.37800000000003 
-36.076999999999934 
-36.38500000000007 
-33.78999999999992 
-36.382000000000026 
-34.9429999999999 
-34.49299999999992 
-37.02799999999993 
-33.43900000000001 
-35.422999999999995 
-36.058000000000035 
-32.529999999999895 
-35.4489999999999 
-33.347999999999956 
-35.400999999999954 
-35.198000000000015 
-33.739999999999924 
-34.95899999999988 
-34.528999999999925 
-34.72500000000002 
-35.16699999999994 
-35.19399999999987 
-35.91599999999997 
-34.77899999999991 
-34.819999999999865 
-36.74800000000007 
-36.38099999999993 
-34.81899999999994 
-33.17799999999999 
-34.21499999999995 
-31.846999999999966 
-34.490999999999964 
-35.4009999999999 
-36.23199999999993 
-34.18599999999988 
-34.72399999999993 
-33.98799999999996 
-35.977999999999895 
-35.162999999999954 
-50.91799999999999 
-35.55799999999995 
-34.6609999999999 
-35.03599999999996 
-33.80099999999996 
-35.481999999999964 
-35.15699999999995 
-34.943999999999974 
-33.833 
-35.316999999999936 
-36.070999999999955 
-34.51199999999994 
-35.11699999999993 
-35.06999999999996 
-34.96200000000004 
-33.95399999999996 
-35.221999999999966 
-34.88799999999994 
-35.60299999999994 
-35.50099999999996 
-36.27599999999998 
-35.15099999999991 
-34.684999999999924 
-34.58399999999997 
-34.01599999999997 
-31.518999999999995 
-35.6 
-36.21699999999996 
-33.994999999999905 
-35.21399999999991 
-36.47300000000001 
-35.33199999999992 
-34.510999999999875 
-35.554000000000045 
-36.77799999999998 
-34.96199999999994 
-35.46299999999996 
-35.62900000000002 
-34.97799999999993 
-34.80199999999993 
-34.94399999999989 
-34.88499999999988 
-32.637999999999955 
-35.89500000000008 
-35.748999999999945 
-34.739999999999924 
-34.888999999999946 
-32.446000000000005 
-35.13500000000001 
-34.71799999999998 
-34.301 
-35.02000000000005 
-53.715999999999994 
-31.673999999999975 
-35.264999999999965 
-34.71399999999998 
-30.932999999999986 
-34.082999999999906 
-33.32099999999998 
-35.54699999999996 
-32.63199999999998 
-36.18499999999993 
-35.313999999999965 
-34.32399999999996 
-34.94599999999998 
-34.228999999999914 
-34.95099999999994 
-35.07999999999997 
-35.494000000000014 
-35.16199999999994 
-33.854999999999926 
-35.739000000000004 
-35.80799999999995 
-34.06399999999988 
-35.86799999999994 
-35.077999999999946 
-33.204999999999956 
-35.24199999999996 
-33.70199999999994 
-35.29599999999999 
-35.36599999999995 
-34.76899999999993 
-35.17999999999995 
-34.67700000000001 
-35.484999999999985 
-35.26699999999993 
-34.531000000000084 
-34.68999999999988 
-34.837999999999965 
-35.577000000000005 
-34.35099999999989 
-35.55799999999993 
-35.793999999999926 
-32.87899999999995 
-36.31999999999994 
-35.486000000000004 
-34.848999999999904 
-33.53099999999994 
-34.68299999999988 
-34.569000000000024 
-34.59099999999997 
-35.23199999999988 
-36.1969999999999 
-33.952999999999896 
-33.40099999999994 
-33.28599999999996 
-35.86499999999991 
-34.91499999999998 
-35.13699999999988 
-34.36599999999992 
-35.24399999999986 
-33.882999999999925 
-34.86000000000001 
-34.874999999999915 
-35.565000000000026 
-34.13199999999999 
-35.532999999999966 
-35.704999999999956 
-34.51499999999996 
-34.569999999999915 
-33.85099999999989 
-34.34399999999992 
-35.255999999999965 
-34.247999999999934 
-35.19200000000005 
-36.51499999999989 
-49.93599999999999 
-32.605999999999966 
-35.48799999999992 
-34.40899999999989 
-32.78699999999991 
-34.445 
-33.512999999999934 
-33.23699999999996 
-34.13099999999993 
-32.892999999999944 
-33.29299999999993 
-33.44199999999992 
-50.896000000000015 
-33.327999999999975 
-34.98099999999998 
-34.53199999999991 
-33.51199999999996 
-33.50099999999994 
-34.98499999999989 
-54.41399999999994 
-51.85699999999993 
-34.923999999999964 
-32.49800000000003 
-34.725999999999985 
-33.85799999999999 
-33.635999999999875 
-33.28399999999992 
-34.61599999999998 
-33.89199999999997 
-34.60099999999996 
-35.09699999999997 
-32.82499999999996 
-33.868000000000016 
-32.59599999999995 
-31.852999999999952 
-33.592999999999904 
-36.01200000000001 
-34.44999999999993 
-35.142999999999915 
-33.87699999999993 
-34.152 
-34.970999999999925 
-32.91300000000001 
-34.34599999999995 
-34.54099999999994 
-33.58499999999995 
-34.67899999999996 
-34.62199999999988 
-31.62899999999997 
-32.95599999999994 
-33.416 
-33.819999999999965 
-35.17299999999996 
-33.651999999999944 
-33.04799999999998 
-35.26099999999998 
-33.52099999999997 
-33.86999999999999 
-34.169 
-33.54999999999997 
-32.07199999999995 
-34.282 
-34.476000000000006 
-32.41099999999994 
-34.96599999999992 
-33.99499999999993 
-33.982999999999954 
-33.71999999999997 
-33.96899999999994 
-33.3859999999999 
-33.62899999999997 
-33.306999999999945 
-34.42399999999991 
-34.54399999999995 
-35.35699999999994 
-34.427000000000014 
-34.8579999999999 
-31.599999999999994 
-34.3029999999999 
-34.30999999999996 
-36.38599999999988 
-33.82699999999997 
-33.776999999999944 
-34.01799999999995 
-32.589999999999975 
-34.000999999999934 
-34.006999999999934 
-33.075999999999986 
-32.43799999999993 
-33.15899999999995 
-32.50599999999993 
-33.124999999999986 
-33.7959999999999 
-33.94299999999989 
-33.4659999999999 
-34.862999999999936 
-30.92299999999999 
-33.08299999999996 
-32.53799999999999 
-32.812999999999924 
-33.31099999999995 
-32.52599999999995 
-34.508000000000024 
-34.78500000000001 
-34.470999999999925 
-34.19400000000002 
-31.793999999999976 
-33.62399999999994 
-32.87199999999994 
-32.9459999999999 
-34.66699999999998 
-33.530999999999935 
-31.387999999999966 
-33.68099999999992 
-34.004999999999924 
-34.7139999999999 
-56.02699999999998 
-34.17399999999993 
-34.65799999999995 
-34.79399999999998 
-33.349999999999945 
-33.437999999999946 
-33.28399999999995 
-34.639999999999944 
-32.759999999999934 
-33.44599999999992 
-32.770999999999965 
-34.81500000000002 
-35.47299999999999 
-37.05299999999982 
-34.426999999999936 
-33.43699999999998 
-33.727999999999966 
-32.875000000000014 
-34.532999999999994 
-35.09500000000007 
-33.990999999999964 
-34.10699999999991 
-31.847999999999956 
-32.982999999999976 
-34.12699999999991 
-35.19199999999999 
-34.55499999999992 
-31.564999999999987 
-33.49099999999994 
-31.62199999999998 
-36.22100000000001 
-34.70899999999997 
-34.05999999999992 
-33.74999999999997 
-31.829999999999945 
-32.11800000000002 
-33.744999999999955 
-33.71399999999995 
-33.721999999999916 
-36.21999999999993 
-33.82899999999992 
-32.46099999999994 
-33.533999999999914 
-34.05499999999998 
-32.690999999999924 
-35.46699999999996 
-35.10499999999995 
-33.60799999999997 
-34.24399999999996 
-34.075999999999986 
-34.122999999999905 
-34.87099999999999 
-35.30099999999998 
-33.032999999999994 
-32.7899999999999 
-34.59500000000002 
-33.97799999999993 
-34.06500000000001 
-35.851000000000035 
-34.78899999999997 
-33.32599999999992 
-33.96399999999994 
-35.153999999999996 
-34.655 
-32.35799999999995 
-34.12099999999996 
-37.60099999999989 
-37.719999999999985 
-34.97600000000001 
-35.16799999999993 
-34.91899999999998 
-34.65300000000006 
-33.657999999999944 
-34.032999999999944 
-34.535000000000004 
-30.660999999999998 
-34.20999999999996 
-35.166000000000054 
-35.830000000000005 
-32.42299999999995 
-35.605000000000004 
-33.657999999999944 
-34.04099999999995 
-34.021999999999956 
-32.791999999999916 
-35.005999999999965 
-33.875999999999976 
-34.4649999999999 
-33.76099999999994 
-32.722999999999956 
-36.08800000000007 
-32.406999999999954 
-34.349999999999994 
-33.61699999999993 
-35.560000000000045 
-35.11799999999995 
-33.540999999999904 
-37.28000000000009 
-49.187 
-33.69099999999999 
-35.70099999999992 
-36.07399999999997 
-33.07999999999995 
-34.260000000000026 
-33.553999999999974 
-33.31499999999993 
-34.72499999999996 
-34.341999999999935 
-35.31100000000005 
-34.60200000000001 
-33.36299999999996 
-34.80199999999996 
-34.05799999999995 
-34.75299999999993 
-35.00999999999992 
-34.39100000000001 
-34.96900000000003 
-33.31499999999993 
-34.77399999999988 
-33.99299999999992 
-35.395999999999916 
-34.21199999999999 
-34.75399999999994 
-33.79499999999998 
-33.09499999999994 
-35.03399999999997 
-34.39799999999992 
-34.00499999999997 
-34.28099999999994 
-32.97999999999995 
-32.65199999999994 
-33.63199999999995 
-36.922000000000004 
-33.724999999999966 
-36.99899999999996 
-34.00799999999998 
-33.02699999999995 
-36.476000000000056 
-33.63099999999995 
-36.22000000000002 
-34.25799999999998 
-32.964 
-34.591000000000044 
-33.540999999999954 
-35.83200000000001 
-36.13099999999984 
-50.047999999999995 
-33.93299999999996 
-34.40399999999998 
-35.44899999999998 
-35.42199999999998 
-35.28999999999994 
-33.66499999999996 
-35.785999999999966 
-32.75499999999999 
-35.07100000000001 
-34.85300000000001 
-34.987999999999914 
-33.965999999999966 
-34.248000000000076 
-34.92299999999996 
-35.31999999999995 
-53.302999999999976 
-33.30099999999999 
-33.73399999999995 
-34.06799999999998 
-34.43399999999996 
-34.62599999999999 
-34.260999999999875 
-32.928999999999945 
-33.772999999999946 
-33.00799999999998 
-32.95999999999995 
-34.511999999999894 
-35.55099999999996 
-35.75500000000003 
-33.31099999999993 
-33.48000000000002 
-35.017000000000024 
-34.49599999999998 
-33.695999999999955 
-33.03299999999996 
-34.14699999999997 
-37.02099999999998 
-35.34100000000008 
-35.18499999999995 
-33.03699999999998 
-34.16399999999996 
-31.813999999999965 
-36.65999999999996 
-34.48399999999997 
-32.23599999999993 
-36.51099999999994 
-33.341999999999985 
-33.485 
-32.000999999999976 
-31.885999999999978 
-33.14200000000001 
-50.999 
-35.777999999999984 
-33.896 
-34.12899999999997 
-33.5549999999999 
-33.56899999999996 
-34.05599999999992 
-34.82899999999994 
-35.40199999999997 
-34.495 
-33.997999999999934 
-32.970999999999925 
-34.24299999999999 
-34.930000000000035 
-35.502999999999986 
-33.43499999999992 
-33.78599999999997 
-34.18400000000001 
-34.272999999999975 
-50.04299999999999 
-34.69799999999999 
-50.009999999999984 
-34.02299999999995 
-33.34999999999997 
-32.12199999999994 
-33.5929999999999 
-32.39099999999997 
-33.89099999999996 
-33.55299999999999 
-33.64899999999996 
-32.58399999999996 
-32.116999999999976 
-33.93599999999999 
-34.09399999999999 
-34.17999999999995 
-32.92499999999996 
-34.0189999999999 
-31.06499999999999 
-32.13999999999995 
-34.37999999999997 
-31.497999999999973 
-31.763999999999978 
-31.818999999999956 
-35.11399999999996 
-32.37199999999995 
-32.32099999999998 
-31.144999999999992 
-32.81300000000002 
-33.13299999999997 
-32.392999999999965 
-33.29599999999996 
-32.48799999999993 
-34.545999999999964 
-31.552999999999987 
-32.354999999999976 
-34.17 
-32.66899999999998 
-34.982 
-31.877999999999993 
-35.21499999999999 
-31.885999999999925 
-49.45800000000001 
-50.064 
-33.93699999999997 
-32.92699999999994 
-34.29799999999993 
-31.481999999999967 
-34.00599999999997 
-31.360999999999994 
-33.007999999999996 
-36.057 
-50.21 
-30.20500000000002 
-32.50199999999992 
-50.18699999999999 
-32.337999999999965 
-33.00700000000006 
-30.147000000000006 
-30.34399999999999 
-33.72299999999995 
-33.487000000000016 
-32.86699999999996 
-32.66100000000002 
-34.62099999999994 
-32.628000000000014 
-32.051999999999985 
-32.270999999999965 
-29.722000000000033 
-31.70499999999997 
-31.31000000000001 
-31.99399999999996 
-32.55799999999999 
-32.341999999999985 
-33.711 
-32.02799999999996 
-34.812 
-33.57899999999996 
-31.071999999999978 
-31.01700000000004 
-31.594999999999974 
-31.843999999999966 
-30.132999999999985 
-29.993000000000002 
-29.747999999999998 
-29.721000000000036 
-52.64399999999998 
-32.03899999999995 
-31.818000000000037 
-31.697000000000003 
-32.77100000000002 
-31.78799999999998 
-31.748999999999995 
-31.543999999999986 
-32.09799999999998 
-33.227 
-34.23799999999994 
-30.236999999999988 
-31.48599999999997 
-32.88199999999998 
-28.52600000000003 
-32.35800000000002 
-31.381999999999994 
-31.46099999999998 
-32.86899999999996 
-32.08799999999996 
-32.85799999999996 
-31.247999999999983 
-32.92899999999998 
-33.17999999999997 
-31.310000000000052 
-34.665999999999976 
-32.98799999999998 
-32.26899999999995 
-32.35499999999997 
-31.95899999999995 
-31.71699999999999 
-32.826000000000015 
-34.368999999999936 
-32.932999999999986 
-33.88099999999996 
-32.43799999999994 
-31.848999999999975 
-32.45299999999995 
-33.566999999999986 
-29.020000000000014 
-31.46100000000001 
-32.00499999999997 
-32.576999999999956 
-33.75799999999998 
-34.0859999999999 
-33.458999999999946 
-32.88099999999999 
-33.52999999999995 
-32.891999999999996 
-32.58999999999999 
-33.23999999999997 
-32.11199999999998 
-32.55899999999997 
-31.930999999999973 
-33.173999999999985 
-31.177999999999983 
-34.758999999999986 
-32.56899999999994 
-31.352999999999966 
-33.36699999999998 
-33.152999999999956 
-30.814999999999994 
-35.38499999999997 
-33.138999999999974 
-31.855999999999945 
-31.62499999999997 
-35.043999999999954 
-33.71399999999996 
-33.930999999999955 
-32.96199999999998 
-31.85499999999996 
-31.64999999999997 
-32.338999999999935 
-31.255999999999997 
-30.764999999999976 
-34.14399999999999 
-32.93699999999997 
-34.83799999999994 
-31.790999999999972 
-32.72799999999995 
-33.67999999999998 
-34.29499999999996 
-34.657999999999916 
-32.645999999999965 
-32.80199999999998 
-30.655999999999977 
-32.88699999999995 
-33.187999999999946 
-33.09799999999999 
-32.562999999999974 
-32.58399999999996 
-31.826999999999973 
-33.121999999999986 
-32.58599999999997 
-32.971999999999994 
-31.263999999999957 
-32.19799999999996 
-31.399999999999988 
-30.87399999999999 
-32.70499999999998 
-29.266000000000005 
-33.37499999999995 
-51.139000000000074 
-30.788999999999973 
-33.05799999999996 
-33.716999999999956 
-31.409999999999954 
-33.34799999999998 
-32.33799999999997 
-30.59299999999999 
-31.417999999999953 
-32.13899999999996 
-32.39299999999994 
-31.17399999999998 
-31.915999999999976 
-32.506999999999934 
-31.830999999999968 
-32.44799999999996 
-33.07099999999997 
-33.31299999999998 
-32.70599999999997 
-31.826999999999984 
-33.04200000000001 
-50.90699999999997 
-31.927999999999948 
-32.22799999999997 
-33.40199999999997 
-33.43699999999995 
-31.962999999999948 
-33.76399999999999 
-32.651 
-31.41699999999998 
-32.468999999999994 
-32.84999999999999 
-30.541000000000004 
-34.27299999999993 
-32.79500000000001 
-34.71199999999996 
-32.91299999999996 
-34.591999999999885 
-33.357000000000006 
-33.11199999999998 
-29.01899999999999 
-31.27199999999999 
-31.255000000000006 
-31.434999999999977 
-31.07199999999999 
-33.61099999999995 
-28.62700000000005 
-34.495999999999924 
-31.882999999999964 
-33.55299999999996 
-31.175000000000004 
-33.07499999999999 
-33.966 
-33.211000000000006 
-32.24399999999998 
-29.585000000000015 
-32.940999999999995 
-32.418999999999954 
-32.96899999999998 
-32.635999999999974 
-32.157999999999966 
-32.62899999999998 
-32.35999999999997 
-33.69499999999999 
-33.09499999999998 
-30.342999999999968 
-32.754999999999946 
-31.979999999999965 
-30.51600000000002 
-32.40199999999996 
-31.676999999999985 
-33.26999999999996 
-29.982000000000017 
-31.326999999999963 
-33.59499999999993 
-29.449999999999996 
-31.480000000000004 
-31.675999999999995 
-30.523000000000003 
-33.80599999999997 
-31.989999999999977 
-31.768999999999977 
-52.23599999999995 
-31.02700000000006 
-28.623000000000058 
-29.105999999999984 
-34.46399999999992 
-31.55399999999998 
-32.02099999999997 
-30.878999999999994 
-31.623999999999967 
-32.67100000000001 
-32.85299999999996 
-32.64599999999998 
-30.250000000000025 
-31.45599999999998 
-27.554000000000066 
-32.791000000000025 
-33.366000000000035 
-32.40299999999999 
-32.58499999999994 
-33.51499999999997 
-30.842 
-31.66900000000001 
-33.22799999999993 
-32.061999999999934 
-32.36899999999996 
-31.730999999999966 
-32.345999999999975 
-34.079999999999885 
-32.04399999999997 
-29.765 
-32.19299999999997 
-30.770999999999994 
-33.313999999999986 
-32.27399999999995 
-31.253999999999962 
-32.045999999999964 
-32.03899999999999 
-29.451999999999998 
-33.29799999999998 
-31.595999999999982 
-31.993999999999968 
-30.643000000000015 
-33.59399999999995 
-31.878999999999973 
-33.82599999999997 
-32.55899999999994 
-31.55399999999998 
-31.67499999999997 
-32.59199999999999 
-32.54699999999995 
-28.625000000000036 
-33.796 
-31.918999999999993 
-30.378999999999998 
-31.52499999999996 
-29.52600000000001 
-34.420999999999964 
-33.49100000000003 
-34.187999999999995 
-31.413 
-49.480999999999966 
-33.461999999999954 
-31.139999999999997 
-32.294999999999945 
-32.26699999999997 
-30.69499999999998 
-30.116999999999983 
-31.32399999999998 
-30.392999999999986 
-31.855999999999987 
-31.24900000000001 
-31.453000000000003 
-32.252 
-32.67499999999996 
-33.11899999999999 
-30.807999999999964 
-30.394000000000002 
-31.068999999999974 
-31.980999999999963 
-32.230999999999995 
-52.04499999999998 
-31.90399999999998 
-33.06499999999999 
-31.513999999999996 
-32.24599999999996 
-31.381000000000036 
-32.61199999999997 
-31.573999999999998 
-51.89299999999996 
-33.75999999999998 
-31.22700000000001 
-32.39699999999993 
-30.81999999999999 
-33.473999999999975 
-31.966999999999974 
-29.451999999999984 
-31.72699999999996 
-29.775999999999936 
-33.076999999999984 
-32.845 
-29.549999999999994 
-31.504 
-31.962999999999987 
-32.83299999999999 
-29.392999999999954 
-33.18699999999996 
-32.88599999999998 
-32.33499999999998 
-32.982 
-32.87499999999997 
-31.66699999999998 
-32.20199999999999 
-30.946000000000005 
-34.786999999999935 
-32.02099999999995 
-31.28700000000001 
-34.177000000000014 
-33.55800000000001 
-32.79899999999997 
-33.68599999999996 
-33.39800000000001 
-33.05700000000002 
-32.04899999999995 
-31.89799999999996 
-31.328999999999986 
-33.53699999999999 
-34.15499999999996 
-30.823000000000004 
-31.84399999999999 
-32.15099999999998 
-32.64699999999996 
-32.16799999999997 
-34.10299999999999 
-32.95999999999997 
-31.875999999999955 
-31.65099999999998 
-32.94899999999998 
-31.626999999999992 
-31.86099999999994 
-30.48699999999998 
-32.90200000000002 
-53.97800000000001 
-30.875 
-28.532000000000032 
-31.277999999999935 
-52.932999999999986 
-32.884000000000015 
-32.470999999999975 
-31.995999999999984 
-33.84900000000001 
-31.583999999999985 
-31.52899999999999 
-33.60499999999997 
-32.18399999999997 
-52.742999999999995 
-33.048999999999964 
-32.73100000000001 
-32.274999999999984 
-31.499999999999996 
-33.93899999999997 
-32.75099999999996 
-31.98799999999996 
-32.363999999999976 
-32.931999999999974 
-32.926 
-31.815999999999985 
-33.231999999999985 
-31.51299999999998 
-31.881999999999984 
-33.068 
-31.223 
-33.07199999999994 
-32.25999999999995 
-32.73699999999999 
-31.709999999999955 
-33.172000000000004 
-31.642999999999976 
-32.97199999999995 
-32.16299999999998 
-31.908999999999978 
-33.64299999999997 
-31.50499999999997 
-33.22699999999998 
-31.898999999999948 
-28.34700000000005 
-33.216 
-31.44799999999997 
-31.184999999999988 
-31.918999999999944 
-30.738999999999987 
-29.781999999999986 
-31.803999999999977 
-32.88199999999998 
-31.99099999999997 
-32.413 
-32.06499999999999 
-32.141 
-33.01099999999998 
-32.30599999999996 
-30.815999999999978 
-31.527999999999995 
-31.603999999999964 
-31.712999999999983 
-31.54899999999996 
-32.19999999999996 
-32.83699999999999 
-52.745999999999974 
-32.25399999999999 
-27.289000000000055 
-31.794999999999956 
-32.42599999999999 
-31.924999999999965 
-33.109999999999935 
-32.79699999999997 
-31.826999999999963 
-31.765 
-31.497999999999962 
-31.911999999999978 
-32.23899999999994 
-33.09699999999998 
-31.507999999999992 
-32.56699999999999 
-32.949999999999996 
-31.00999999999999 
-33.08000000000001 
-30.430999999999983 
-31.43399999999997 
-33.09199999999999 
-31.829999999999973 
-33.131 
-30.985000000000003 
-31.514000000000024 
-31.624999999999996 
-32.658 
-33.21599999999995 
-30.771999999999984 
-31.57399999999998 
-32.125999999999955 
-28.547000000000043 
-31.85499999999997 
-32.38899999999994 
-29.597000000000016 
-32.00199999999998 
-33.40699999999999 
-32.13499999999996 
-32.346999999999944 
-32.720999999999954 
-32.14199999999996 
-31.38799999999998 
-33.233999999999966 
-31.262999999999987 
-30.50999999999999 
-32.09699999999995 
-31.718999999999983 
-31.663999999999984 
-31.466999999999977 
-31.667999999999985 
-32.162999999999954 
-31.48899999999998 
-32.96099999999993 
-32.168999999999926 
-31.02299999999998 
-30.962999999999976 
-31.28799999999999 
-31.092999999999954 
-31.818999999999967 
-33.21199999999998 
-32.46399999999993 
-52.86999999999994 
-32.71399999999994 
-31.54699999999996 
-31.76799999999997 
-30.42899999999998 
-33.12399999999998 
-32.55799999999993 
-31.103999999999978 
-32.11099999999993 
-31.853999999999942 
-30.40699999999999 
-33.42699999999996 
-30.24199999999997 
-33.369999999999976 
-32.71499999999997 
-30.026999999999965 
-32.44399999999996 
-33.15699999999995 
-32.488999999999976 
-29.783000000000015 
-32.01499999999996 
-32.08799999999995 
-33.03399999999993 
-33.157999999999944 
-31.777999999999967 
-33.056999999999945 
-32.46399999999996 
-31.981999999999957 
-31.70199999999997 
-32.46299999999995 
-32.80199999999997 
-32.0479999999999 
-31.75799999999999 
-31.758999999999972 
-33.17099999999996 
-29.349999999999955 
-31.50399999999994 
-33.31199999999997 
-33.94199999999995 
-30.715999999999944 
-31.77299999999998 
-30.826999999999956 
-32.818999999999924 
-30.866999999999948 
-52.49299999999996 
-33.01699999999994 
-32.46399999999995 
-32.72399999999995 
-32.30799999999995 
-31.015999999999973 
-33.28999999999995 
-32.809999999999945 
-30.894999999999953 
-32.150999999999954 
-32.329999999999956 
-32.963999999999956 
-32.504999999999946 
-33.04599999999997 
-32.25699999999995 
-31.75699999999994 
-30.282 
-32.616999999999955 
-30.773999999999976 
-31.922999999999934 
-31.79599999999995 
-32.34599999999995 
-32.67999999999995 
-32.25699999999996 
-32.416999999999966 
-30.46399999999995 
-29.68699999999996 
-32.55299999999998 
-31.461999999999964 
-51.92599999999993 
-32.00899999999997 
-31.24699999999998 
-32.06799999999994 
-29.992999999999977 
-33.06199999999991 
-31.69899999999994 
-31.19099999999999 
-32.83299999999996 
-32.158999999999956 
-29.213999999999977 
-29.170999999999953 
-33.373999999999945 
-32.332999999999956 
-31.757999999999935 
-31.646999999999945 
-32.36099999999994 
-32.073999999999984 
-32.38399999999995 
-31.95099999999995 
-31.834999999999948 
-32.51499999999994 
-32.23199999999993 
-32.18099999999994 
-32.75199999999998 
-32.27199999999995 
-31.904999999999937 
-32.007999999999925 
-31.71099999999995 
-31.904999999999987 
-30.976999999999975 
-31.32299999999998 
-30.82399999999997 
-33.84399999999995 
-31.573999999999966 
-32.626999999999974 
-32.00199999999997 
-31.459999999999976 
-32.20599999999994 
-31.629999999999956 
-31.932999999999957 
-32.19399999999995 
-30.54999999999997 
-31.919999999999945 
-31.94799999999997 
-31.952999999999978 
-33.376999999999974 
-33.78199999999992 
-31.631999999999955 
-31.51499999999994 
-31.70999999999991 
-31.17699999999996 
-32.11299999999996 
-32.28899999999993 
-32.369999999999955 
-32.6669999999999 
-32.23199999999996 
-32.04299999999994 
-31.21699999999997 
-31.664999999999942 
-31.410999999999945 
-31.731999999999974 
-32.65199999999999 
-31.407999999999966 
-31.879999999999963 
-31.28199999999999 
-31.971999999999944 
-31.12699999999998 
-32.115999999999964 
-32.826999999999956 
-33.097999999999985 
-30.28699999999996 
-32.75499999999997 
-33.45499999999995 
-32.58599999999995 
-31.034999999999968 
-32.76699999999995 
-31.510999999999946 
-32.315999999999946 
-31.754999999999953 
-32.230999999999966 
-33.55499999999994 
-31.225999999999992 
-32.352999999999945 
-33.33599999999993 
-31.641999999999946 
-31.360999999999983 
-32.141999999999925 
-32.44199999999996 
-33.195999999999906 
-33.17199999999998 
-31.712999999999948 
-31.878999999999934 
-31.661999999999967 
-32.98699999999995 
-33.89899999999994 
-31.543999999999937 
-32.077999999999925 
-31.520000000000007 
-31.995999999999942 
-31.280999999999963 
-32.45499999999995 
-31.33599999999995 
-32.45199999999994 
-32.449999999999974 
-30.866000000000007 
-32.06699999999993 
-34.53599999999996 
-32.61699999999995 
-31.447999999999958 
-32.032999999999944 
-32.35699999999993 
-33.37799999999991 
-31.168999999999983 
-31.05599999999999 
-32.75399999999993 
-33.129999999999995 
-31.66599999999993 
-31.130999999999954 
-33.320999999999934 
-31.139999999999983 
-31.648999999999962 
-31.537999999999958 
-32.001999999999924 
-32.26699999999992 
-31.733999999999952 
-32.22299999999994 
-31.755999999999982 
-32.80599999999993 
-31.61199999999992 
-31.86599999999992 
-32.00499999999993 
-31.142999999999983 
-31.989999999999956 
-31.72399999999994 
-32.89499999999994 
-52.21099999999993 
-30.814999999999948 
-32.00899999999993 
-32.69399999999994 
-32.09799999999997 
-30.923999999999978 
-31.118999999999968 
-30.564999999999966 
-32.33099999999998 
-52.233999999999924 
-31.134999999999998 
-33.087999999999944 
-30.898999999999962 
-31.26499999999996 
-51.14999999999998 
-32.02499999999994 
-31.67999999999997 
-30.734999999999953 
-30.708999999999957 
-30.728999999999974 
-51.23599999999995 
-31.79299999999995 
-31.256999999999948 
-31.183999999999955 
-31.721999999999944 
-33.16799999999992 
-31.064999999999937 
-30.428999999999995 
-30.377999999999943 
-31.65499999999995 
-31.49699999999996 
-30.404999999999976 
-31.095999999999965 
-32.700999999999944 
-31.576999999999952 
-30.98999999999993 
-32.466999999999935 
-30.503999999999976 
-31.412999999999958 
-31.521999999999966 
-32.543999999999926 
-32.918999999999954 
-32.695999999999955 
-31.26199999999997 
-31.773999999999955 
-29.928999999999963 
-32.000999999999934 
-31.546999999999976 
-28.733999999999998 
-31.479999999999947 
-30.547999999999977 
-32.041999999999916 
-33.05799999999994 
-32.39399999999993 
-30.448999999999973 
-32.033999999999935 
-32.451999999999934 
-31.35299999999996 
-31.114999999999938 
-31.69199999999997 
-32.07499999999992 
-32.11499999999996 
-31.549999999999955 
-32.13499999999993 
-32.23999999999997 
-31.941999999999958 
-31.80499999999995 
-31.10399999999998 
-31.130999999999943 
-31.66499999999996 
-30.65099999999995 
-32.693999999999946 
-32.02799999999995 
-31.738999999999944 
-31.952999999999943 
-32.01699999999994 
-30.171999999999954 
-32.486999999999945 
-32.29999999999996 
-30.977999999999955 
-31.86599999999996 
-32.62399999999992 
-31.33299999999993 
-31.21899999999994 
-31.22499999999996 
-32.57799999999993 
-31.69199999999995 
-32.25599999999996 
-31.05399999999995 
-31.606999999999957 
-31.243999999999968 
-31.202999999999985 
-31.556999999999974 
-30.70299999999997 
-32.64799999999998 
-30.92099999999998 
-31.952999999999946 
-31.450999999999958 
-30.564999999999937 
-32.17199999999995 
-31.41999999999997 
-30.85399999999994 
-31.259999999999962 
-31.18899999999996 
-31.230999999999998 
-31.990999999999946 
-31.299999999999976 
-30.156999999999957 
-31.413999999999948 
-31.84599999999996 
-32.57699999999993 
-31.88199999999995 
-31.903999999999918 
-31.49899999999995 
-28.336 
-30.412999999999954 
-31.482999999999954 
-32.130999999999936 
36.516 
-31.386999999999976 
-31.933999999999934 
-32.82599999999992 
-32.956999999999915 
-30.937999999999967 
-31.777999999999942 
-31.485999999999954 
-31.330999999999975 
-31.930999999999944 
-31.273999999999944 
-31.101999999999958 
-32.235999999999954 
-32.7599999999999 
-51.927999999999955 
-30.547999999999977 
-31.327999999999946 
-31.080999999999932 
-31.362999999999953 
-30.74999999999998 
-30.90899999999998 
-30.74999999999995 
-31.381999999999945 
-32.65799999999993 
-51.52299999999996 
-31.62399999999995 
-31.081999999999976 
-32.396999999999956 
-31.454999999999956 
-30.183999999999955 
-30.585999999999924 
-31.137999999999952 
-30.278999999999957 
-31.393999999999945 
-32.11799999999994 
-32.52699999999995 
-31.381999999999966 
-30.187999999999946 
-30.81299999999997 
-30.630000000000003 
-30.497999999999944 
-32.206999999999915 
-28.418 
-30.940999999999963 
-30.55699999999996 
-31.39499999999995 
-32.852999999999916 
-29.006 
-30.819999999999947 
-32.02699999999995 
-32.28099999999991 
-31.59099999999994 
-31.43899999999993 
-30.51699999999999 
-33.577999999999875 
-30.72999999999995 
-30.530999999999956 
-31.346999999999927 
-31.051999999999946 
-29.518 
-29.977999999999984 
-32.62799999999992 
-31.451999999999938 
-28.902 
-31.64799999999995 
-31.079999999999945 
-31.680999999999973 
-32.236999999999895 
-31.00199999999994 
-31.534999999999965 
-31.09099999999997 
-32.65599999999992 
-31.749999999999925 
-32.75099999999997 
-30.719999999999953 
-32.153999999999925 
-31.263999999999957 
-32.27999999999993 
-31.852999999999906 
-31.703999999999933 
-33.235999999999926 
-31.572999999999933 
-33.54099999999993 
-32.49099999999993 
-32.65399999999995 
-29.979999999999944 
-32.83699999999992 
-32.09799999999995 
-31.671999999999926 
-32.34699999999994 
-29.416 
-32.16699999999995 
-30.450999999999965 
-28.328 
-31.75199999999995 
-31.162999999999965 
-32.43499999999991 
-32.09699999999997 
-31.78599999999991 
-30.56899999999996 
-32.451999999999884 
-32.41299999999995 
-32.079999999999956 
-31.80299999999995 
-31.527999999999945 
-30.96599999999998 
-29.63799999999999 
-31.248999999999945 
-31.478999999999985 
-31.574999999999946 
-32.44499999999994 
-31.472999999999967 
-31.121999999999996 
-31.762999999999966 
-30.777000000000005 
-31.791999999999923 
-30.824999999999953 
-30.902999999999942 
-30.072999999999983 
-30.59699999999994 
-31.73499999999999 
-30.642999999999937 
-32.14799999999993 
-32.042999999999935 
-31.364999999999956 
-30.66500000000001 
-30.995999999999963 
-30.96099999999995 
-32.36199999999991 
-32.07599999999992 
-31.36699999999996 
-30.35399999999997 
-30.114999999999977 
-31.227999999999945 
-30.99799999999993 
-31.320999999999962 
-28.524999999999974 
-31.597999999999946 
-31.335999999999938 
-31.51899999999994 
-32.00399999999991 
-31.834999999999923 
-31.046999999999944 
-30.914999999999946 
-30.029999999999962 
-31.199999999999953 
-31.285999999999955 
-27.886 
-30.450999999999958 
-31.55799999999989 
-32.084999999999944 
-31.53599999999994 
-31.40999999999995 
-31.644999999999932 
-30.516999999999967 
-31.49999999999992 
-32.024999999999935 
-31.928999999999963 
-32.217999999999925 
-31.625999999999937 
-31.828999999999937 
-31.08399999999996 
-31.77999999999998 
-31.204999999999934 
-32.1029999999999 
-31.736999999999945 
-32.30199999999994 
-31.641999999999957 
-30.73599999999997 
-31.315999999999953 
-30.811999999999948 
-31.93699999999994 
-29.742999999999952 
-32.70499999999995 
-31.523999999999937 
-31.625999999999944 
-30.27799999999996 
-31.423999999999943 
-31.776999999999944 
-31.29499999999993 
-30.155999999999942 
-31.05199999999995 
-30.192999999999955 
-31.30699999999994 
-30.482999999999944 
-31.21799999999996 
-31.851999999999922 
-32.219999999999914 
-49.351 
-31.31999999999991 
-32.16299999999991 
-31.13699999999995 
-29.999999999999982 
-31.326999999999966 
-31.041999999999934 
-31.098999999999954 
-31.435999999999932 
-31.060999999999936 
-31.87899999999995 
-31.036999999999956 
-31.721999999999927 
-30.159999999999975 
-50.55299999999996 
-25.84500000000006 
-31.56999999999995 
-30.481999999999985 
-30.386000000000013 
-31.171999999999965 
-30.56599999999995 
-51.10199999999995 
-31.401999999999944 
-51.682999999999986 
-31.007999999999953 
-31.56899999999995 
-31.62999999999996 
-30.033999999999978 
-29.329999999999956 
-30.121999999999964 
-30.25799999999995 
-31.05099999999996 
-30.222999999999953 
-31.275999999999932 
-30.654999999999944 
-31.186999999999948 
-31.087999999999937 
-31.324999999999918 
-31.921999999999954 
-30.38699999999995 
-30.40699999999995 
-30.67399999999997 
-30.626999999999978 
-30.766999999999975 
-31.047999999999927 
-31.643999999999963 
-29.94799999999993 
-31.493999999999932 
-29.79699999999996 
-30.978999999999978 
-31.250999999999934 
-29.71799999999997 
-30.40299999999996 
-31.981999999999914 
-31.834999999999965 
-30.43399999999997 
-31.81699999999994 
-30.48199999999994 
-31.496999999999943 
-31.53499999999996 
-31.979999999999954 
-30.13199999999997 
-49.95999999999999 
-30.88299999999996 
-32.47299999999991 
-30.922999999999917 
-31.043999999999958 
-30.17099999999997 
-31.598999999999926 
-30.367999999999938 
-30.85099999999997 
-30.87299999999995 
-31.894999999999936 
-31.358999999999984 
-29.034999999999986 
-31.137999999999952 
-30.31799999999996 
-31.373999999999963 
-30.973999999999947 
-31.108999999999952 
-31.947999999999915 
-31.429999999999964 
-32.92999999999991 
-31.852999999999952 
-30.448999999999984 
-32.028999999999925 
-32.01099999999993 
-32.25799999999996 
-31.003999999999962 
-30.526999999999955 
-31.10800000000001 
-31.526999999999962 
-31.331999999999983 
-30.47399999999995 
-31.58899999999995 
-30.267999999999965 
-31.900999999999936 
-31.05399999999996 
-31.018999999999952 
-31.23099999999997 
-31.764999999999947 
-51.094999999999956 
-30.598999999999947 
-31.21299999999996 
-31.573999999999963 
-30.39699999999995 
-51.60899999999994 
-30.637999999999963 
-28.44300000000001 
-30.57499999999995 
-31.211999999999964 
-31.72599999999997 
-31.33499999999993 
-30.639999999999944 
-30.70499999999996 
-50.354999999999954 
-31.522999999999943 
-30.939999999999934 
-32.08099999999993 
-51.89899999999993 
-30.92699999999995 
-30.90199999999997 
-30.691999999999965 
-30.86099999999993 
-30.672999999999934 
-31.130999999999958 
-30.580999999999946 
-30.71399999999994 
-31.03099999999995 
-30.56399999999995 
-31.48999999999995 
-32.18599999999991 
-31.057999999999957 
-31.70499999999994 
-30.057999999999947 
-30.72599999999996 
-29.923999999999996 
-31.648999999999944 
-30.99799999999998 
-31.42599999999996 
-31.48699999999992 
-30.48299999999994 
-31.43499999999994 
-30.783999999999967 
-31.323999999999966 
-30.52699999999995 
-30.01799999999996 
-31.135999999999967 
-31.358999999999945 
-30.13299999999996 
-30.981999999999974 
-29.91400000000001 
-30.678999999999935 
-32.40399999999993 
-31.638999999999974 
-31.257999999999964 
-29.23499999999992 
-32.23099999999993 
-31.316999999999982 
-30.670999999999946 
-30.687999999999953 
-31.703999999999947 
-31.66699999999995 
-31.059999999999945 
-30.99099999999997 
-30.869999999999973 
-31.057999999999957 
-30.523999999999944 
-30.839999999999964 
-31.937999999999963 
-30.69299999999996 
-30.324999999999964 
-30.528999999999947 
-31.67199999999995 
-31.427999999999976 
-30.49399999999994 
-31.06899999999994 
-51.38099999999996 
-31.191999999999968 
-30.572999999999926 
-30.031999999999933 
-30.134999999999952 
-31.913999999999955 
-31.940999999999928 
-31.75599999999998 
-30.195999999999973 
-30.06799999999997 
-31.216999999999956 
-31.271999999999956 
-30.90699999999994 
-31.094999999999946 
-32.57999999999995 
-31.414999999999914 
-30.124999999999957 
-30.663999999999973 
-30.93299999999994 
-31.322999999999954 
-30.63399999999997 
-30.60099999999998 
-30.284999999999965 
-31.83699999999996 
-31.03899999999994 
-31.479999999999947 
-31.11599999999996 
-30.784999999999997 
-31.80799999999995 
-31.133999999999954 
-31.696999999999953 
-32.016999999999946 
-31.644999999999925 
-31.138999999999957 
-30.424999999999947 
-30.72899999999996 
-29.183999999999962 
-32.55699999999994 
-49.0 
-31.131999999999966 
-31.51899999999998 
-30.606999999999964 
-31.82499999999997 
-30.849999999999948 
-33.21499999999991 
-31.38699999999994 
-31.178999999999974 
-31.55599999999994 
-32.25399999999994 
-29.718999999999937 
-30.901999999999962 
-31.70599999999994 
-30.726999999999936 
-31.590999999999937 
-31.403999999999964 
-33.09699999999993 
-31.114999999999966 
-31.26299999999994 
-30.56599999999994 
-31.56499999999996 
-31.418999999999937 
-30.49899999999995 
-30.87399999999994 
-30.770999999999955 
-31.20399999999998 
-31.374999999999947 
-50.96899999999995 
-32.318999999999924 
-31.23999999999995 
-31.81499999999995 
-30.640999999999945 
-31.909999999999936 
-31.165999999999954 
-30.460999999999963 
-31.658999999999963 
-32.162999999999954 
-31.40399999999993 
-30.65399999999995 
-31.371999999999957 
-31.098999999999958 
-31.08499999999996 
-29.841999999999928 
-31.19299999999995 
-30.997999999999944 
-30.127999999999957 
-31.924999999999926 
-31.333999999999953 
-29.99799999999995 
-31.265999999999945 
-30.80699999999997 
-31.10599999999996 
-31.413999999999973 
-30.86899999999995 
-31.268999999999956 
-30.667999999999946 
-31.543999999999944 
-30.84499999999996 
-30.10499999999995 
-31.507999999999942 
-31.179999999999946 
-31.68299999999992 
-31.88899999999995 
-30.713999999999963 
-32.17899999999991 
-31.148999999999933 
-30.766999999999967 
-30.984999999999957 
-30.68499999999994 
-31.960999999999927 
-31.544999999999963 
-51.54999999999996 
-30.09499999999995 
-30.648999999999962 
-30.42699999999997 
-30.029999999999944 
-30.68299999999996 
-30.643999999999963 
-31.18099999999996 
-31.06899999999995 
-31.545999999999943 
-31.981999999999942 
-31.55399999999993 
-30.793999999999958 
-30.879999999999953 
-31.66599999999993 
-30.739999999999974 
-30.91799999999995 
-32.05399999999993 
-30.96499999999997 
-31.704999999999956 
-31.932999999999943 
-31.447999999999958 
-31.93699999999992 
-30.898999999999944 
-32.051999999999936 
-31.802999999999933 
-30.770999999999937 
-30.808999999999948 
-30.91899999999997 
-31.38299999999995 
-31.702999999999943 
-31.24699999999998 
-30.902999999999963 
-31.16599999999995 
-31.386999999999954 
-31.41999999999994 
-31.135999999999953 
-31.651999999999987 
-31.050999999999952 
-51.337999999999965 
-50.54299999999994 
-31.050999999999938 
-30.73799999999998 
-50.695999999999955 
-30.940999999999978 
-30.53799999999995 
-31.639999999999976 
-30.483999999999927 
-31.164999999999946 
-31.40599999999997 
-50.91099999999996 
-31.53799999999995 
-30.819999999999958 
-30.623999999999963 
-30.760999999999967 
-31.68599999999996 
-31.12499999999996 
-31.000999999999962 
-51.59299999999996 
-31.38099999999998 
-30.767999999999933 
-30.684999999999945 
-31.442999999999977 
-50.27399999999996 
-31.007999999999946 
-31.141999999999975 
-30.975999999999964 
-31.611999999999952 
-31.11899999999995 
-31.712999999999965 
-31.462999999999965 
-30.522999999999943 
-31.15699999999996 
-30.985 
-30.79399999999996 
-31.015999999999973 
-31.99399999999995 
-31.17599999999997 
-31.01199999999993 
-30.994999999999955 
-31.722999999999953 
-30.80299999999996 
-31.19399999999995 
-30.998999999999985 
-31.399999999999924 
-31.445999999999962 
-30.12099999999994 
-30.972999999999963 
-31.499999999999982 
-31.970999999999933 
-31.345999999999982 
-30.71899999999999 
-30.717999999999968 
-30.857999999999954 
-30.40399999999996 
-30.81899999999995 
-30.76199999999997 
-32.24799999999992 
-30.51099999999995 
-30.39999999999993 
-31.774999999999974 
-31.948999999999927 
-30.881999999999927 
-30.660999999999973 
-31.395999999999965 
-31.149999999999967 
-30.94299999999999 
-30.70399999999995 
-30.967999999999957 
-30.244999999999955 
-30.717999999999957 
-30.638999999999946 
-31.035999999999955 
-31.63599999999996 
-30.390999999999966 
-31.597999999999953 
-31.441999999999965 
-30.23599999999994 
-30.34699999999996 
-30.93999999999994 
-30.67999999999994 
-29.98699999999998 
-30.922999999999963 
-30.344999999999956 
-31.774999999999938 
-30.22999999999994 
-31.245999999999977 
-31.34699999999998 
-29.615999999999936 
-31.66099999999994 
-30.573999999999963 
-31.048999999999953 
-31.348999999999965 
-29.90799999999993 
-31.735999999999944 
-31.724999999999966 
-30.099999999999937 
-31.802999999999933 
-30.98399999999993 
-31.03099999999996 
-32.313999999999936 
-31.214999999999947 
-31.947999999999933 
-27.802000000000003 
-31.277999999999974 
-28.782 
-32.66799999999995 
-28.503999999999998 
-31.08899999999999 
-30.471999999999976 
-31.046999999999937 
-29.921999999999972 
-31.998999999999942 
-31.293999999999947 
-30.688999999999936 
-29.76399999999994 
-31.563999999999957 
-30.05499999999999 
-28.644 
-31.117999999999967 
-30.94499999999994 
-31.101999999999983 
-30.717999999999943 
-31.229999999999976 
-31.647999999999954 
-30.838999999999945 
-31.473999999999958 
-31.616999999999955 
-30.796999999999947 
-52.00399999999995 
-32.13199999999996 
-32.325999999999915 
-30.84099999999994 
-30.78099999999992 
-50.633999999999965 
-29.396999999999984 
-31.78699999999994 
-30.515999999999963 
-30.583999999999936 
-51.409999999999954 
-32.274999999999956 
-31.328999999999983 
-30.806999999999977 
-31.371999999999947 
-31.219999999999967 
-30.139999999999954 
-31.27699999999996 
-30.363999999999972 
-31.69999999999996 
-30.254999999999956 
-28.413999999999998 
-30.711999999999968 
-30.826999999999938 
-31.24499999999997 
-31.74299999999993 
-29.368999999999982 
-29.923999999999936 
-31.339999999999943 
-30.845999999999933 
-29.644999999999964 
-31.371999999999947 
-31.2209999999999 
-30.173999999999936 
-30.32600000000001 
-30.613999999999976 
-31.121999999999964 
-31.19899999999995 
-31.60499999999995 
-31.61499999999995 
-31.969999999999942 
-31.224999999999973 
-31.130999999999972 
-28.235999999999997 
-32.05899999999997 
-30.092999999999982 
-30.934999999999953 
-31.04400000000001 
-32.372999999999905 
-31.44499999999995 
-30.929999999999957 
-31.141999999999964 
-31.135999999999967 
-30.54899999999992 
-30.69699999999995 
-31.825999999999944 
-31.312999999999988 
-30.728999999999942 
-31.91499999999995 
-30.757999999999953 
-31.135999999999953 
-31.056999999999952 
-31.777999999999945 
-30.254999999999992 
-30.118000000000006 
-30.78799999999996 
-31.09199999999999 
-31.576999999999945 
-30.57499999999997 
-32.09699999999994 
-30.737999999999925 
-30.61599999999996 
-29.84399999999998 
-30.054999999999946 
-29.634 
-28.80200000000004 
-28.345999999999982 
-29.893999999999927 
-31.89799999999996 
-31.280999999999942 
-29.878999999999962 
-30.866999999999933 
-30.475999999999953 
-29.640999999999963 
-30.26699999999999 
-30.515999999999966 
-31.251999999999967 
-30.004999999999935 
-30.386999999999944 
-29.872999999999934 
-31.024999999999988 
-28.386000000000013 
-28.154000000000018 
-30.276999999999973 
-29.947999999999983 
-29.834999999999933 
-30.265999999999984 
-29.95299999999996 
-30.79599999999994 
-31.08299999999996 
-31.36699999999996 
-29.87799999999994 
-30.123999999999945 
-30.237999999999957 
-31.054999999999932 
-31.937999999999946 
-32.21899999999992 
-31.22699999999997 
-30.89499999999994 
-30.53099999999999 
-31.35799999999994 
-29.974999999999923 
-30.39199999999994 
-30.779999999999955 
-30.13199999999995 
-29.838999999999956 
-30.877999999999947 
-30.25399999999999 
-30.462999999999944 
-31.21899999999994 
-31.293999999999922 
-30.358999999999966 
-30.53599999999994 
-30.864999999999956 
-31.079999999999977 
-30.67599999999992 
-32.06799999999994 
-30.780999999999953 
-30.71099999999993 
-31.83399999999994 
-31.117999999999977 
-30.37799999999995 
-31.344999999999942 
-30.56999999999993 
-31.28599999999997 
-30.817999999999977 
-31.778999999999957 
-30.086999999999936 
-30.309999999999953 
-30.37599999999996 
-29.859999999999946 
-27.917999999999996 
-29.329000000000004 
-49.74799999999995 
-31.273999999999972 
-31.51399999999995 
-30.243999999999957 
-30.275999999999968 
-30.84999999999995 
-30.49199999999996 
-31.05699999999995 
-31.826999999999934 
-31.158999999999974 
-30.954999999999934 
-30.634999999999938 
-31.838999999999942 
-30.937999999999953 
-30.63299999999993 
-31.418999999999993 
-50.015999999999956 
-30.881999999999938 
-31.759999999999962 
-30.05999999999994 
-30.195999999999955 
-30.334999999999965 
-31.05999999999996 
-30.866999999999976 
-31.925999999999945 
-31.747999999999976 
-31.43299999999999 
-31.500999999999962 
-30.80299999999996 
-30.451999999999952 
-29.672999999999966 
-30.377999999999975 
-31.01499999999997 
-29.951999999999988 
-31.468999999999948 
-31.34999999999996 
-30.550999999999945 
-30.60399999999995 
-30.97799999999993 
-31.19499999999996 
-31.284999999999947 
-30.817999999999977 
-30.77699999999998 
-30.243999999999957 
-32.92799999999995 
-30.492999999999952 
-31.456999999999947 
-30.391999999999964 
-31.039999999999957 
-31.057999999999947 
-29.32799999999997 
-30.645999999999944 
-30.906999999999954 
-30.26499999999998 
-31.221999999999955 
-31.233999999999966 
-30.609999999999964 
-30.334999999999965 
-32.110999999999926 
-30.73299999999996 
-29.85399999999995 
-31.58999999999992 
-30.236999999999963 
-32.06399999999998 
-30.40899999999995 
-30.907999999999962 
-31.14399999999995 
-30.857999999999947 
-51.581999999999965 
-30.312999999999953 
-29.92999999999996 
-30.172999999999945 
-30.883999999999975 
-31.468999999999966 
-31.097999999999935 
-31.404999999999973 
-30.684999999999945 
-31.339999999999943 
-31.758999999999972 
-30.924999999999947 
-31.365999999999968 
-30.668999999999958 
-31.04199999999995 
-30.06099999999994 
-31.513999999999943 
-31.27399999999993 
-30.583999999999953 
-31.06299999999998 
-30.828999999999947 
-30.856999999999964 
-30.797999999999956 
-31.033999999999963 
-31.13099999999994 
-31.520999999999944 
-30.742999999999938 
-31.61999999999994 
-31.57599999999996 
-30.828999999999958 
-31.675999999999952 
-31.698999999999952 
-30.68299999999998 
-31.54999999999997 
-30.97599999999996 
-31.072999999999954 
-30.830999999999953 
-30.930999999999948 
-31.05899999999995 
-30.318999999999942 
-30.58299999999997 
-30.371999999999943 
-31.744999999999973 
-30.510999999999953 
-31.306999999999963 
-30.599999999999962 
-31.15399999999997 
-30.537999999999936 
-31.298999999999964 
-51.35299999999996 
-31.56499999999994 
-31.007 
-30.50999999999994 
-31.50799999999997 
-30.94399999999994 
-31.381999999999962 
-31.524999999999977 
-51.43099999999997 
-32.00999999999996 
-30.903999999999968 
-31.311999999999948 
-31.017999999999944 
-30.471999999999962 
-31.86199999999995 
-31.050999999999956 
-31.638999999999992 
-30.840999999999987 
-31.852999999999952 
-31.391999999999936 
-30.981999999999964 
-32.489999999999945 
-30.856999999999953 
-31.26699999999996 
-30.02299999999998 
-31.750999999999955 
-31.701999999999945 
-31.352999999999934 
-30.379999999999963 
-31.63099999999995 
-31.060999999999968 
-30.890999999999973 
-31.020999999999937 
-31.007999999999978 
-30.315999999999967 
-30.95899999999996 
-31.161999999999956 
-31.590999999999944 
-31.753999999999955 
-31.277999999999953 
-31.323999999999955 
-32.08499999999992 
-28.81299999999996 
-31.24699999999997 
-31.789999999999928 
-30.992999999999952 
-31.344999999999946 
-31.151999999999937 
-31.307999999999947 
-30.928999999999945 
-30.992999999999956 
-31.292999999999978 
-31.060999999999947 
-31.650999999999957 
-30.349999999999948 
-51.685999999999964 
-31.47999999999995 
-30.05899999999993 
-31.605999999999952 
-32.55899999999994 
-31.465999999999926 
-31.763999999999953 
-31.143999999999956 
-30.193999999999964 
-31.57399999999995 
-30.818999999999914 
-30.552999999999965 
-30.860999999999944 
-31.125999999999944 
-31.67199999999994 
-31.35599999999998 
-31.496999999999957 
-30.76099999999997 
-31.32799999999995 
-30.24499999999998 
-30.931999999999945 
-31.44899999999994 
-31.476999999999947 
-30.76599999999997 
-31.109999999999978 
-31.05099999999994 
-31.303999999999974 
-31.591999999999963 
-32.230999999999966 
-31.66699999999996 
-31.14999999999996 
-30.022999999999932 
-31.449999999999946 
-32.413999999999945 
-30.771999999999952 
-30.86899999999997 
-31.028999999999936 
-30.29999999999993 
-30.677999999999976 
-31.25999999999996 
-29.93399999999995 
-31.448999999999963 
-30.610999999999937 
-31.503999999999973 
-30.22399999999997 
-32.29099999999992 
-30.005999999999943 
-31.280999999999953 
-30.877999999999975 
-32.05099999999993 
-31.231999999999974 
-31.813999999999943 
-32.18799999999996 
-31.290999999999944 
-30.571999999999964 
-31.132999999999928 
-31.78999999999995 
-28.636999999999976 
-31.448999999999952 
-32.54199999999994 
-31.03399999999995 
-31.57999999999996 
-30.863999999999947 
-30.356999999999935 
-30.311999999999937 
-31.485999999999915 
-31.135999999999967 
-30.829999999999963 
-30.769999999999953 
-30.000999999999944 
-31.262999999999934 
-30.85199999999994 
-30.332999999999934 
-30.840999999999948 
-30.09199999999995 
-31.214999999999947 
-30.76399999999996 
-31.21999999999993 
-31.08899999999994 
-30.42599999999995 
-30.69399999999994 
-28.91499999999994 
-30.365999999999943 
-30.483999999999963 
-30.150999999999954 
-31.284999999999954 
-31.80899999999994 
-30.44299999999995 
-31.002999999999933 
-30.831999999999965 
-30.50199999999995 
-30.468999999999955 
-30.90399999999994 
-29.82599999999995 
-31.385999999999928 
-32.037999999999926 
-31.384999999999955 
-31.38399999999996 
-31.530999999999946 
-31.66499999999997 
-29.640999999999945 
-30.78099999999997 
-31.151999999999937 
-30.592999999999947 
-30.518999999999934 
-31.78899999999995 
-30.391999999999957 
-30.148999999999965 
-31.43499999999993 
-32.044999999999945 
-30.670999999999964 
-29.675999999999945 
-30.42999999999996 
-30.227999999999973 
-31.888999999999932 
-31.14999999999995 
-30.94999999999997 
-28.909999999999968 
-31.10799999999995 
-30.74699999999993 
-31.57499999999994 
-30.95199999999997 
-31.569999999999947 
-30.52799999999993 
-31.855999999999938 
-30.841999999999953 
-30.651999999999944 
-31.040999999999983 
-30.82199999999992 
-31.56099999999997 
-31.84899999999993 
-32.56399999999993 
-31.927999999999958 
-31.961999999999936 
-30.793999999999937 
-30.778999999999957 
-30.326999999999938 
-31.70199999999995 
-31.02799999999994 
-29.652999999999935 
-30.44899999999993 
-30.722999999999974 
-30.817999999999955 
-30.20399999999995 
-31.25999999999996 
-31.666999999999952 
-30.404999999999955 
-30.963999999999952 
-30.905999999999956 
-29.58199999999994 
-30.44699999999995 
-31.035999999999962 
-29.858999999999934 
-29.950999999999944 
-31.43599999999996 
-31.455999999999964 
-30.724999999999966 
-30.16499999999995 
-30.290999999999936 
-31.125999999999944 
-30.556999999999956 
-29.073999999999966 
-30.631999999999973 
-30.78199999999996 
-30.76199999999995 
-30.53799999999995 
-29.70599999999995 
-30.55499999999996 
-31.819999999999958 
-30.896999999999952 
-30.69399999999997 
-30.73299999999996 
-31.171999999999947 
-31.189999999999955 
-29.671999999999983 
-31.608999999999966 
-30.843999999999966 
-31.50999999999995 
-29.423999999999936 
-30.164999999999942 
-32.02799999999995 
-31.68599999999997 
-31.19399999999996 
-31.74399999999992 
-30.733999999999956 
-30.70999999999996 
-30.99199999999996 
-30.249999999999975 
-30.577999999999964 
-30.987999999999968 
-30.593999999999955 
-31.32599999999998 
-30.17099999999995 
-31.098999999999954 
-31.077999999999957 
-29.448999999999963 
-31.404999999999966 
-30.993999999999936 
-31.086999999999954 
-30.946999999999964 
-29.335999999999956 
-30.178999999999952 
-31.308999999999976 
-31.03799999999997 
-30.63499999999994 
-31.242999999999967 
-30.29099999999993 
-30.360999999999944 
-31.584999999999944 
-29.96199999999996 
-31.014999999999983 
-30.92499999999995 
-30.855999999999952 
-30.853999999999957 
-30.67799999999997 
-30.93899999999996 
-29.93099999999995 
-31.039999999999946 
-30.695999999999973 
-30.96299999999995 
-30.50599999999995 
-31.54599999999992 
-29.979999999999954 
-30.06199999999994 
-30.793999999999958 
-30.65199999999995 
-31.629999999999956 
-30.92899999999997 
-31.038999999999966 
-30.83999999999996 
-30.088999999999945 
-31.390999999999973 
-30.78799999999994 
-30.573999999999955 
-30.34799999999995 
-31.963999999999945 
-30.66999999999996 
-30.134999999999945 
-31.289999999999946 
-31.457999999999956 
-31.698999999999955 
-31.959999999999958 
-31.196999999999964 
-29.922999999999973 
-29.56300000000002 
-30.27099999999994 
-29.943999999999956 
-30.99599999999997 
-29.746999999999943 
-29.953999999999937 
-30.35699999999995 
-29.71199999999993 
-30.661999999999967 
-30.380999999999975 
-32.05399999999992 
-31.598999999999947 
-30.242999999999956 
-31.33099999999997 
-30.958999999999946 
-30.60799999999996 
-30.141999999999932 
-30.75399999999995 
-30.86499999999994 
-30.89599999999997 
-30.258999999999943 
-31.063999999999975 
-31.163999999999945 
-31.219999999999988 
-31.134999999999966 
-30.381000000000004 
-30.774999999999967 
-30.190999999999985 
-30.931999999999967 
-30.670999999999943 
-31.175999999999974 
-30.752999999999957 
-30.826999999999963 
-50.756999999999955 
-30.822999999999993 
-31.407999999999955 
-30.925999999999956 
-31.327999999999932 
-50.236999999999945 
-29.73999999999994 
-31.25999999999995 
-31.614999999999956 
-30.881999999999966 
-30.95799999999995 
-31.27099999999997 
-31.825999999999958 
-31.016999999999953 
-30.763999999999935 
-31.40699999999996 
-30.68900000000001 
-31.199999999999974 
-30.783999999999956 
-30.782999999999966 
-30.28499999999998 
-30.395999999999976 
-31.744999999999965 
-30.44399999999997 
-30.90199999999999 
-31.139999999999954 
-30.908999999999956 
-30.804999999999964 
-31.488999999999944 
-30.831999999999955 
-30.736999999999973 
-31.34399999999995 
-30.660999999999973 
-30.47599999999996 
-30.409999999999965 
-30.704999999999963 
-31.05799999999998 
-30.769999999999964 
-29.75199999999996 
-30.496999999999957 
-31.239999999999984 
-31.189999999999987 
-30.609999999999953 
-30.51599999999995 
-30.72099999999995 
-30.38499999999994 
-30.833999999999964 
-29.547999999999963 
-30.191999999999958 
-31.184999999999953 
-31.15999999999994 
-30.03499999999996 
-30.259999999999977 
-31.526999999999944 
-30.70499999999996 
-30.85299999999994 
-30.57799999999995 
-31.32699999999995 
-31.177999999999983 
-30.424999999999965 
-31.12599999999997 
-30.176999999999953 
-31.420999999999967 
-31.081999999999965 
-30.837999999999955 
-30.305999999999944 
-31.517999999999954 
-31.045999999999946 
-31.56199999999996 
-30.262999999999955 
-31.27599999999997 
-30.459999999999976 
-31.023999999999987 
-29.96399999999998 
-35.59999999999992 
-35.83299999999992 
-37.07099999999992 
-30.136 
-49.632 
-29.504 
-49.661 
-36.45899999999991 
-29.22 
-36.93799999999989 
-28.571000000000012 
-36.195999999999934 
-37.2849999999999 
-35.9899999999999 
-37.10099999999992 
-30.034 
-28.778000000000006 
-30.064 
-28.939 
-35.81999999999995 
-38.62099999999989 
-28.863000000000003 
-30.042 
-30.025 
-30.034 
-30.043 
-30.023 
-30.027 
-30.008 
-30.045 
-30.027 
-30.025 
-30.036 
-30.034 
-30.012 
-30.025 
-30.034 
-30.025 
-30.041 
-30.016 
-30.01 
-30.05 
-30.045 
-30.016 
-30.018 
-30.034 
-30.027 
-30.027 
-30.026 
-30.02 
-30.018 
-30.016 
-30.021 
-30.034 
-30.053 
-30.033 
-30.034 
-30.025 
-30.025 
-30.032 
-30.018 
-30.041 
-30.043 
-30.018 
-30.023 
-30.014 
-30.016 
-30.027 
-30.026 
-30.022 
-30.027 
-30.036 
-30.034 
-30.034 
-30.048 
-30.034 
-30.031 
-30.034 
-30.016 
-30.027 
-30.033 
-30.018 
-30.02 
-30.016 
-30.025 
-30.032 
-30.004 
-30.042 
-30.057 
-30.025 
-30.023 
-30.043 
-30.025 
-30.069 
-30.018 
-30.04 
-30.023 
-30.041 
-30.05 
-30.023 
-30.141 
-30.08 
-30.016 
-30.041 
-30.027 
-30.039 
-30.059 
-30.027 
-30.032 
-30.048 
-50.081 
-30.027 
-30.06 
-30.024 
-30.028 
-30.074 
-30.021 
-30.061 
-30.025 
-30.036 
-30.043 
-30.032 
-50.156 
-30.058 
-30.023 
-30.131 
-30.025 
-30.032 
-30.027 
-30.025 
-30.032 
-50.075 
-30.027 
-50.067 
-30.037 
-30.035 
-30.035 
-30.03 
-30.003 
-30.027 
-30.059 
-30.023 
-30.018 
-30.048 
-50.121 
-50.09 
-30.058 
-30.025 
-30.034 
-30.086 
-30.025 
-30.034 
-30.019 
-30.027 
-30.05 
-30.126 
-30.035 
-30.025 
-30.034 
-30.059 
-30.032 
-30.014 
-30.032 
-30.043 
-50.072 
-50.083 
-30.028 
-30.043 
-30.075 
-30.021 
-30.019 
-30.016 
-30.032 
-30.047 
-30.023 
-30.032 
-30.015 
-30.069 
-30.025 
-30.045 
-30.017 
-30.027 
-30.041 
-30.024 
-30.061 
-30.052 
-30.036 
-30.034 
-30.025 
-30.003 
-30.025 
-30.016 
-30.057 
-30.051 
-30.039 
-30.025 
-30.016 
-30.018 
-30.035 
-30.025 
-30.075 
-30.034 
-30.032 
-30.043 
-30.042 
-50.119 
-30.015 
-30.068 
-30.028 
-30.082 
-50.084 
-30.019 
-30.036 
-30.032 
-30.033 
-30.016 
-30.034 
-30.034 
-50.076 
-30.018 
-30.032 
-30.064 
-30.031 
-30.032 
-30.073 
-30.034 
-30.025 
-30.016 
-30.059 
-50.083 
-30.036 
-30.017 
-30.014 
-30.017 
-50.005 
-30.018 
-30.034 
-30.066 
-30.025 
-30.027 
-30.121 
-30.016 
-30.061 
-30.035 
-30.052 
-30.059 
-30.041 
-30.025 
-30.012 
-30.025 
-30.044 
-30.047 
-30.014 
-30.032 
-30.023 
-30.035 
-30.043 
-30.032 
-30.018 
-30.083 
-30.05 
-30.048 
-49.969 
-30.025 
-30.059 
-30.041 
-30.023 
-30.025 
-30.027 
-30.025 
-30.073 
-30.018 
-30.032 
-30.041 
-30.034 
-30.083 
-30.043 
-30.015 
-30.032 
-30.023 
-29.992 
-30.034 
-30.027 
-30.041 
-30.027 
-30.027 
-30.041 
-30.016 
-30.111 
-30.01 
-30.066 
-30.03 
-30.023 
-30.025 
-30.016 
-30.032 
-30.034 
-30.043 
-30.045 
-30.034 
-30.043 
-50.062 
-30.086 
-30.048 
-30.034 
-30.098 
-30.117 
-30.05 
-30.052 
-30.016 
-30.075 
-30.057 
-30.075 
-30.034 
-30.059 
-30.058 
-30.052 
-30.206 
-30.034 
-30.1 
-30.034 
-30.066 
-30.032 
-30.068 
-30.041 
-30.068 
-30.064 
-30.032 
-30.05 
-50.083 
-30.061 
-30.076 
-30.042 
-30.126 
-30.025 
-30.032 
-30.027 
-30.01 
-50.06 
-30.091 
-30.025 
-30.067 
-30.025 
-50.091 
-30.027 
-30.015 
-30.025 
-30.039 
-30.027 
-30.066 
-30.02 
-30.013 
-30.023 
-30.017 
-30.074 
-30.081 
-30.025 
-30.068 
-30.06 
-30.059 
-30.025 
-30.039 
-30.048 
-30.023 
-30.064 
-30.028 
-30.032 
-30.032 
-30.034 
-30.035 
-30.041 
-30.018 
-30.06 
-30.1 
-30.009 
-30.099 
-30.017 
-30.073 
-30.017 
-30.003 
-30.025 
-30.027 
-30.025 
-30.025 
-29.997 
-30.023 
-30.027 
-30.016 
-30.092 
-30.025 
-30.098 
-30.093 
-30.126 
-50.078 
-30.045 
-30.028 
-30.034 
-30.064 
-30.062 
-30.023 
-30.05 
-30.108 
-30.078 
-30.141000000000002 
-30.082 
-30.075 
-30.133 
-30.023 
-30.023 
-30.084 
-30.112 
-30.06 
-30.085 
-30.05 
-30.083 
-30.032 
-30.057 
-30.096 
-30.03 
-30.025 
-30.049 
-30.049 
-30.043 
-30.046 
-29.998 
-30.034 
-30.023 
-30.023 
-30.025 
-30.032 
-30.091 
-30.025 
-30.135 
-30.018 
-30.033 
-30.052 
-30.001 
-30.119 
-30.023 
-30.016 
-30.023 
-30.129 
-29.98 
-30.074 
-30.127 
-30.131 
-30.016 
-30.053 
-30.094 
-30.041 
-30.081 
-30.025 
-30.016 
-30.032 
-30.032 
-30.042 
-30.113 
-30.07 
-30.036 
-30.018 
-30.085 
-30.018 
-30.012 
-50.048 
-30.082 
-30.073 
-29.994 
-30.032 
-30.016 
-30.037 
-50.056 
-30.029 
-30.034 
-30.081 
-30.053 
-30.079 
-50.145 
-30.12 
-30.102 
-30.154 
-30.063 
-30.113 
-30.082 
-30.041 
-30.066 
-30.026 
-30.018 
-30.087 
-30.119 
-30.03 
-30.179 
-30.043 
-30.107 
-30.053 
-30.025 
-30.025 
-30.025 
-30.034 
-30.124 
-30.041 
-30.071 
-30.017 
-30.058 
-30.117 
-30.032 
-30.076 
-30.099 
-30.062 
-30.214 
-30.034 
-30.073 
-30.001 
-30.08 
-30.05 
-30.076 
-30.052 
-30.026 
-30.023 
-30.122 
-30.121 
-30.042 
-30.026 
-30.083 
-30.062 
-30.025 
-30.113 
-30.018 
-30.029 
-30.067 
-30.051 
-30.055 
-30.058 
-30.096 
-30.055 
-30.025 
-30.057 
-30.052 
-30.057 
-30.039 
-30.058 
-29.964 
-30.048 
-30.065 
-30.023 
-30.018 
-30.032 
-30.191 
-29.991 
-30.034 
-50.137 
-30.016 
-30.068 
-30.036 
-29.998 
-30.045 
-30.094 
-30.05 
-30.076 
-30.03 
-29.989 
-30.012 
-29.886 
-30.091 
-30.136 
-30.18 
-30.095 
-49.954 
-30.072 
-30.053 
