-47.090000000000025 
-47.658 
-47.54200000000001 
-46.66000000000003 
-47.57000000000001 
-46.02400000000006 
-46.428000000000026 
-46.86600000000004 
-47.52600000000002 
-47.374000000000024 
-45.698000000000086 
-46.78600000000003 
-47.644 
-48.18 
-47.71600000000001 
-46.97400000000002 
-46.60200000000003 
-47.13800000000003 
-47.366000000000014 
-47.34000000000002 
-47.51400000000001 
-46.20000000000003 
-46.24600000000003 
-45.89600000000005 
-47.748 
-47.18400000000001 
-47.01800000000002 
-45.666000000000075 
-46.03200000000003 
-47.04399999999999 
-47.262000000000015 
-45.67600000000011 
-46.13400000000006 
-45.89400000000007 
-47.47600000000001 
-47.42600000000001 
-45.93000000000004 
-47.202000000000005 
-46.21400000000002 
-46.23600000000001 
-46.12000000000007 
-47.58200000000001 
-47.55800000000001 
-46.120000000000026 
-47.588 
-46.01400000000004 
-47.878 
-46.07600000000008 
-47.33000000000001 
-45.330000000000126 
-47.180000000000014 
-47.32000000000001 
-47.37599999999998 
-45.3420000000001 
-46.12200000000004 
-47.23600000000005 
-45.47600000000014 
-45.19000000000015 
-45.7540000000001 
-46.854000000000035 
-46.14600000000002 
-44.31400000000027 
-47.19 
-46.93799999999998 
-47.339999999999996 
-49.10199999999998 
-46.54800000000004 
-46.49200000000005 
-45.05800000000014 
-47.17200000000002 
-47.58999999999999 
-47.43600000000001 
-45.752000000000095 
-45.09200000000014 
-45.91000000000005 
-43.99400000000024 
-49.05600000000002 
-46.05800000000003 
-46.29400000000001 
-45.778000000000034 
-47.15800000000002 
-45.74200000000008 
-48.71399999999999 
-47.989999999999995 
-45.550000000000054 
-50.96999999999995 
-45.21200000000015 
-47.625999999999976 
-47.51399999999995 
-45.39200000000013 
-47.68200000000001 
-44.168000000000205 
-48.751999999999974 
-45.69000000000006 
-46.43799999999998 
-43.58400000000029 
-46.700000000000024 
-45.78200000000005 
-47.54600000000017 
-44.64600000000017 
-49.46799999999999 
-51.739999999999995 
-49.70400000000001 
-51.14 
-49.274 
-50.38399999999997 
-49.29599999999998 
-27.468 
-52.22600000000001 
-51.44 
-49.722 
-53.938000000000024 
-47.42200000000004 
-49.376000000000076 
-48.554 
-48.082 
-48.52200000000002 
-52.16 
-46.79200000000003 
-54.37200000000003 
-52.04 
-47.912 
-50.08200000000002 
-47.61400000000001 
-49.09600000000001 
-26.836000000000023 
47.78600000000001 
-51.84800000000001 
-56.36400000000005 
-58.117999999999995 
-47.35000000000004 
-55.44200000000011 
40.74600000000008 
-56.75400000000005 
-54.99800000000005 
-48.074 
-53.974000000000096 
-49.642 
-47.82000000000002 
44.418000000000056 
47.29400000000005 
-56.71399999999995 
-57.37600000000005 
-50.52600000000002 
-51.82199999999999 
-52.14800000000005 
43.404 
-51.16999999999997 
-49.83599999999997 
46.25399999999998 
-57.97199999999989 
-46.390000000000065 
-44.89000000000022 
48.43400000000001 
47.790000000000006 
-47.924000000000014 
47.26600000000003 
49.336000000000006 
39.64000000000006 
-53.60799999999999 
-46.16800000000001 
-45.43200000000012 
-43.96600000000029 
46.79800000000011 
49.92400000000003 
44.229999999999876 
-55.14800000000001 
-45.11800000000024 
49.786000000000044 
45.322 
-47.44000000000002 
48.47799999999999 
52.063999999999986 
-45.698000000000086 
-48.78200000000007 
-50.080000000000005 
43.5659999999999 
-51.584 
-49.876 
-48.377999999999965 
-49.70600000000005 
49.806 
-49.15800000000003 
45.753999999999905 
-51.09199999999996 
-51.022000000000034 
49.53 
43.875999999999905 
-47.989999999999945 
-53.475999999999964 
48.01200000000004 
46.158000000000015 
50.704 
-52.714 
-52.071999999999996 
-47.870000000000005 
-51.322000000000024 
43.103999999999836 
47.19600000000004 
41.28600000000003 
-47.204000000000036 
-50.185999999999986 
56.09999999999972 
48.589999999999975 
-45.97200000000005 
51.346000000000075 
-44.724000000000395 
52.54999999999995 
-45.446000000000254 
52.737999999999985 
51.22200000000003 
53.77599999999996 
52.35600000000002 
56.51799999999952 
-45.8420000000002 
-46.809999999999995 
50.492000000000026 
52.68800000000007 
49.05599999999999 
-50.873999999999995 
-46.98400000000003 
-44.82000000000027 
-45.89400000000021 
-27.20400000000001 
-45.374000000000144 
-46.786000000000016 
49.108000000000054 
50.61000000000008 
44.04399999999995 
49.292 
-50.348000000000006 
-56.0100000000001 
-48.354000000000006 
-46.71600000000003 
-50.59199999999999 
-49.804 
-47.89999999999994 
45.03399999999996 
-55.879999999999995 
-49.146 
-54.15800000000018 
-49.25999999999996 
-55.3219999999999 
-51.14399999999998 
-27.814000000000018 
42.275999999999904 
53.255999999999986 
46.549999999999805 
-45.55600000000013 
46.63800000000004 
56.195999999999756 
-47.182000000000016 
47.43600000000004 
-49.19199999999997 
44.28599999999997 
-27.07800000000004 
45.806000000000026 
42.91000000000001 
-45.89200000000003 
48.898000000000074 
-56.807999999999986 
-47.06200000000002 
-48.686 
48.5159999999999 
46.838000000000065 
49.67999999999984 
-48.99800000000003 
-55.19599999999993 
-52.300000000000026 
-49.464000000000006 
50.082 
-48.74399999999999 
-48.08200000000001 
54.74199999999993 
46.55399999999994 
47.034000000000084 
45.828000000000046 
51.813999999999986 
-46.73000000000002 
52.814 
-27.914000000000016 
-46.98 
46.11600000000008 
-47.53 
-44.92200000000018 
-46.51600000000005 
-28.25 
-54.160000000000096 
-45.82800000000011 
-46.724000000000004 
56.2679999999999 
-46.40000000000001 
-27.685999999999996 
-49.90999999999999 
53.49000000000009 
50.35400000000001 
-28.048000000000002 
53.937999999999896 
-49.68599999999998 
-51.525999999999975 
-44.6100000000003 
-50.416 
-53.73600000000005 
54.176 
45.45999999999992 
-47.51999999999998 
-46.576 
-51.22799999999997 
44.155999999999885 
-50.332000000000015 
45.35600000000013 
50.354 
-28.13999999999999 
45.43800000000009 
45.86199999999998 
-50.602000000000004 
53.02399999999998 
-49.11999999999998 
-48.09199999999999 
-51.067999999999955 
-52.64400000000001 
46.90399999999988 
-53.86200000000012 
-47.992000000000004 
49.77400000000006 
-27.649999999999995 
39.4960000000001 
47.73400000000001 
47.077999999999925 
53.79799999999999 
49.56800000000001 
-56.580000000000105 
-45.827999999999946 
49.65799999999998 
49.064000000000085 
49.80000000000001 
45.37199999999995 
-28.412 
45.91999999999988 
-54.078 
47.990000000000045 
-52.68999999999992 
-54.08799999999993 
49.623999999999995 
52.13600000000003 
-48.538000000000004 
-48.61 
42.34199999999986 
47.61600000000003 
-48.7 
-47.70800000000004 
-48.589999999999996 
54.523999999999866 
42.59999999999999 
50.47999999999999 
53.456000000000024 
50.52599999999999 
-45.584000000000074 
-46.62000000000002 
44.40000000000013 
54.77399999999971 
-42.89600000000039 
46.46000000000001 
56.72199999999966 
45.5180000000001 
43.54599999999993 
55.15200000000002 
-45.81800000000004 
-47.42599999999998 
45.10199999999997 
-49.806 
-49.14799999999995 
46.278000000000034 
49.14799999999997 
50.414 
50.57600000000004 
-47.50800000000001 
-50.02800000000001 
-45.84400000000007 
56.49799999999981 
-46.96600000000004 
53.581999999999844 
-48.57599999999997 
52.92199999999989 
50.88600000000006 
50.89 
-47.63 
52.068 
-49.11399999999997 
55.23799999999962 
50.594000000000015 
49.28000000000003 
-46.45600000000003 
-47.515999999999956 
44.31200000000005 
-46.48000000000002 
44.63599999999996 
48.217999999999996 
-45.4040000000001 
52.278000000000105 
50.016000000000034 
-47.32200000000002 
45.692000000000064 
-47.352000000000004 
-47.30600000000001 
50.894000000000055 
-50.72999999999999 
-47.443999999999974 
48.753999999999984 
45.660000000000046 
48.085999999999984 
46.306000000000076 
42.65000000000005 
54.88999999999999 
-57.54599999999999 
-27.969999999999988 
44.38600000000008 
49.576 
50.24600000000003 
-50.86800000000001 
-53.91599999999994 
44.09000000000002 
45.02000000000008 
-46.92600000000003 
44.84400000000004 
49.398000000000046 
45.464000000000055 
47.35000000000005 
-27.833999999999993 
-49.65199999999998 
46.46800000000008 
45.544000000000075 
51.26000000000006 
-48.08800000000001 
51.756000000000036 
-46.36000000000001 
49.994000000000014 
-48.303999999999974 
53.98599999999997 
50.75200000000001 
52.27399999999999 
52.298000000000044 
49.93400000000002 
50.564 
47.96799999999999 
48.688000000000045 
-49.21799999999999 
45.05600000000005 
53.32200000000004 
50.342000000000084 
-45.86400000000006 
53.89799999999998 
-47.12999999999995 
-45.998000000000204 
-49.58799999999997 
-46.51600000000003 
-50.568000000000005 
54.415999999999954 
-27.77200000000002 
-48.67599999999995 
-52.096 
-47.08800000000004 
48.712000000000046 
-47.400000000000006 
-51.96800000000001 
48.15800000000005 
-48.168 
43.407999999999845 
50.476 
50.763999999999974 
46.65800000000005 
46.135999999999896 
49.422000000000025 
-49.579999999999984 
49.69599999999999 
44.262 
50.07800000000002 
48.24999999999999 
48.97599999999999 
-47.08399999999999 
51.279999999999994 
53.729999999999954 
-46.39600000000003 
-46.87400000000005 
54.652 
46.186000000000014 
48.42200000000004 
49.590000000000025 
50.23600000000006 
50.79400000000005 
-46.93400000000001 
46.494000000000014 
51.986 
47.807999999999986 
48.20200000000005 
-50.72600000000004 
-46.77000000000013 
51.26000000000001 
-49.36999999999997 
48.66000000000002 
49.85600000000005 
-48.77199999999997 
-49.26200000000003 
43.85199999999996 
-47.12000000000001 
48.30400000000001 
-46.646 
-46.586000000000006 
48.45399999999998 
48.78200000000012 
-52.069999999999986 
42.34999999999999 
-46.02000000000005 
39.58400000000007 
51.36600000000002 
45.006000000000036 
-46.38600000000003 
45.23599999999996 
43.97200000000003 
44.02000000000006 
-50.12 
-46.25200000000023 
49.96800000000003 
-48.517999999999965 
43.811999999999905 
47.50600000000007 
52.39000000000004 
49.60400000000001 
49.068 
41.60199999999994 
49.326 
48.35400000000006 
48.13600000000001 
-53.96799999999995 
52.56800000000007 
44.612000000000045 
49.24000000000001 
48.37000000000007 
41.884000000000015 
48.85399999999998 
49.498 
47.06400000000009 
-28.09 
-49.76399999999998 
47.548000000000044 
51.34400000000006 
-47.72799999999998 
49.91600000000003 
52.836 
48.824 
56.111999999999654 
-28.485999999999997 
51.501999999999995 
-48.323999999999984 
-52.141999999999996 
51.44600000000006 
-48.24399999999998 
55.08599999999993 
45.47999999999998 
-45.44200000000004 
52.552000000000035 
-46.3860000000001 
-48.225999999999964 
-45.364000000000104 
48.03800000000001 
53.64200000000001 
50.506000000000014 
46.04000000000008 
-45.068000000000126 
52.30799999999989 
-45.69600000000005 
48.16800000000002 
50.16800000000001 
-46.75999999999998 
-47.68999999999998 
53.64999999999989 
-47.81999999999999 
47.774000000000015 
-47.63600000000001 
-47.848000000000006 
49.75800000000006 
-48.569999999999986 
50.03000000000012 
47.59000000000004 
48.91000000000007 
44.663999999999895 
52.76000000000001 
-28.12399999999999 
-51.10199999999997 
-27.487999999999992 
-48.74599999999999 
44.3360000000001 
46.98200000000014 
48.286000000000044 
47.40200000000004 
-47.42799999999999 
51.72400000000007 
-50.123999999999995 
51.72599999999999 
49.549999999999976 
53.795999999999715 
45.48200000000019 
-53.00999999999998 
-49.61199999999995 
44.92400000000002 
42.23799999999995 
50.458000000000084 
44.93400000000007 
45.21999999999989 
43.326000000000036 
49.202000000000005 
51.05800000000007 
-50.850000000000016 
48.58800000000007 
45.65800000000003 
50.636000000000024 
47.63000000000001 
51.86800000000009 
47.03000000000006 
47.5560000000001 
54.06199999999992 
49.27399999999995 
-46.156000000000034 
47.53600000000008 
47.92600000000005 
49.094000000000044 
47.86800000000008 
51.753999999999984 
49.86600000000001 
53.90199999999995 
-47.66799999999997 
54.59599999999999 
47.98600000000009 
-51.644 
47.660000000000096 
48.95800000000001 
47.74400000000009 
52.54800000000007 
46.74399999999997 
54.77400000000001 
50.51400000000002 
52.31600000000005 
48.48800000000001 
47.16200000000003 
45.610000000000106 
-28.01 
-50.60799999999998 
48.80999999999995 
51.355999999999995 
53.21999999999994 
51.76399999999991 
52.935999999999844 
48.18599999999999 
49.16799999999995 
50.046 
-49.22599999999998 
47.27400000000008 
48.262000000000015 
45.87600000000007 
47.84400000000003 
45.33600000000007 
-27.010000000000037 
49.80000000000006 
-46.89199999999996 
-46.696000000000026 
51.373999999999995 
48.84799999999999 
50.27599999999996 
45.11600000000009 
-49.36599999999999 
45.15800000000015 
49.66600000000003 
50.55200000000005 
45.49800000000012 
49.1720000000001 
47.54800000000001 
-28.219999999999995 
-52.99199999999995 
-46.17600000000005 
46.884000000000064 
-52.83599999999993 
48.16999999999999 
43.39399999999997 
47.484000000000066 
50.67600000000002 
44.687999999999974 
47.15200000000003 
-57.76399999999994 
44.39800000000003 
47.37199999999984 
-54.744 
47.16400000000009 
41.05000000000002 
46.94600000000007 
50.065999999999974 
52.56399999999999 
47.090000000000096 
52.11400000000005 
47.14200000000005 
-55.22799999999996 
46.262000000000086 
46.66200000000007 
52.270000000000024 
50.6 
50.07200000000002 
47.51200000000004 
-46.34400000000002 
-47.599999999999994 
47.442000000000036 
46.942000000000036 
50.31000000000001 
43.43200000000012 
54.838000000000015 
46.83400000000018 
48.55799999999999 
47.97199999999998 
47.252 
-51.96399999999999 
50.849999999999994 
48.73 
45.72400000000002 
-50.55999999999999 
51.75800000000002 
49.84400000000003 
50.75199999999999 
-51.13600000000001 
47.828000000000046 
-50.67799999999998 
48.263999999999974 
48.346000000000004 
45.00200000000007 
48.022000000000034 
-47.11200000000003 
50.70999999999999 
47.63000000000005 
42.502000000000145 
49.920000000000094 
45.3720000000001 
47.95799999999993 
49.542000000000044 
48.120000000000026 
47.85800000000006 
48.254 
49.390000000000015 
46.16800000000014 
48.93200000000001 
42.56200000000005 
45.686000000000035 
-46.91199999999996 
-49.75799999999998 
52.93599999999999 
56.95799999999968 
-46.89599999999999 
55.00599999999963 
48.74000000000004 
43.218000000000124 
-48.97799999999999 
49.356 
-48.443999999999996 
-46.30200000000003 
54.00999999999956 
-47.536000000000016 
-47.02000000000002 
48.224000000000025 
-45.03600000000021 
53.428000000000054 
54.28999999999981 
48.14000000000006 
-48.05400000000006 
-47.92999999999998 
-46.97800000000001 
-46.35400000000002 
53.22400000000007 
-47.27199999999999 
-48.54199999999997 
52.78799999999981 
53.13600000000003 
49.576 
51.75399999999998 
-47.5 
51.47600000000006 
47.90200000000004 
49.028000000000034 
44.19200000000005 
44.65800000000013 
43.451999999999984 
46.89200000000001 
50.92199999999995 
43.784000000000134 
-27.717999999999993 
52.473999999999826 
-47.06000000000001 
48.819999999999965 
48.38600000000002 
48.43599999999988 
-46.77000000000004 
-45.901999999999965 
50.88600000000007 
52.76000000000001 
54.64999999999982 
52.2240000000001 
50.38400000000008 
42.96400000000003 
41.391999999999925 
45.16600000000015 
51.56599999999985 
49.172 
42.26000000000002 
48.12000000000003 
48.079999999999785 
54.097999999999985 
41.84200000000015 
49.02199999999999 
50.50399999999974 
-51.86599999999992 
49.09200000000002 
50.94199999999999 
-46.610000000000035 
46.840000000000096 
52.69 
45.14599999999999 
48.23600000000003 
51.28200000000002 
49.10800000000005 
45.61600000000005 
52.46599999999986 
49.310000000000045 
45.61000000000005 
-57.543999999999926 
48.99200000000007 
-57.711999999999925 
45.48600000000011 
-50.123999999999974 
48.25399999999998 
54.09599999999996 
54.137999999999636 
-47.214000000000006 
49.801999999999985 
51.84800000000008 
58.55399999999955 
51.45600000000004 
51.07200000000002 
48.31000000000001 
44.28600000000008 
50.076000000000036 
48.04800000000005 
52.990000000000045 
46.096000000000124 
51.624000000000095 
51.494000000000064 
-46.95600000000002 
45.588000000000115 
47.23600000000003 
49.95400000000007 
52.74599999999996 
-48.01399999999998 
-47.97999999999996 
48.09400000000001 
51.184000000000054 
48.766 
50.34399999999997 
44.98799999999985 
46.65000000000005 
52.430000000000035 
-45.54200000000004 
47.797999999999995 
49.11600000000003 
47.57400000000011 
48.976000000000006 
-51.076 
56.983999999999575 
54.16600000000004 
47.99800000000001 
51.3540000000001 
47.57000000000002 
48.86 
-46.53400000000002 
51.92199999999999 
53.86200000000003 
57.12799999999973 
57.68199999999965 
-46.191999999999986 
-48.58999999999995 
49.172000000000025 
-43.84200000000023 
58.585999999999686 
55.523999999999674 
-47.883999999999986 
-47.88599999999998 
-46.43400000000001 
50.93400000000005 
-41.99000000000021 
-47.686 
56.53199999999975 
57.37399999999965 
-43.724000000000245 
52.36000000000003 
56.745999999999746 
57.757999999999726 
-42.78600000000037 
54.309999999999874 
51.34400000000001 
49.29999999999994 
44.15800000000006 
51.614 
52.529999999999895 
44.37800000000013 
55.1339999999997 
-49.99599999999999 
57.04999999999969 
44.757999999999925 
48.74200000000002 
49.27400000000008 
44.03800000000016 
53.289999999999885 
49.691999999999986 
50.936000000000014 
54.22199999999991 
49.08200000000001 
49.03000000000003 
52.09 
50.21400000000004 
44.99400000000003 
54.90799999999998 
48.10000000000005 
48.008000000000045 
-51.155999999999956 
49.897999999999996 
53.07799999999987 
55.29199999999992 
50.406000000000006 
49.21000000000004 
-49.39599999999999 
54.20400000000001 
-48.506 
51.056 
53.385999999999996 
-47.981999999999985 
46.22000000000004 
54.532 
-47.78800000000001 
-48.073999999999984 
53.25600000000006 
51.794000000000004 
56.07799999999981 
51.79400000000004 
-47.481999999999985 
-45.082000000000264 
47.14000000000002 
50.05599999999998 
-47.26600000000001 
53.1759999999999 
54.52199999999999 
-45.98000000000005 
51.458 
52.92200000000004 
47.692000000000014 
56.10799999999989 
48.884 
53.00400000000004 
54.14800000000001 
56.23199999999998 
-44.53400000000036 
-47.84399999999998 
50.89400000000001 
55.89199999999961 
54.61399999999989 
49.00400000000003 
56.78399999999985 
53.18200000000002 
56.68799999999983 
-48.44199999999997 
-47.25000000000002 
50.66000000000002 
57.825999999999645 
-45.31600000000002 
55.06399999999983 
44.932000000000116 
47.14400000000001 
47.97400000000004 
52.216 
51.41199999999997 
48.84400000000002 
53.68200000000006 
56.11399999999984 
-46.27199999999999 
47.870000000000026 
51.85600000000004 
49.89000000000001 
45.074000000000055 
50.88400000000003 
56.93799999999973 
51.40800000000001 
56.41399999999963 
47.49000000000007 
54.63400000000004 
44.108 
55.11999999999995 
54.4419999999998 
44.640000000000065 
54.713999999999736 
-47.69600000000001 
46.87600000000005 
-47.338 
56.52399999999979 
56.74399999999962 
46.68400000000008 
55.48999999999957 
49.75600000000011 
50.320000000000036 
49.43200000000002 
51.52599999999989 
-47.293999999999954 
56.415999999999684 
53.43199999999987 
55.321999999999875 
46.264 
56.39599999999982 
55.37199999999972 
54.71999999999986 
49.51799999999998 
-44.162000000000184 
47.708000000000055 
53.12599999999994 
51.17400000000003 
45.53800000000004 
53.146 
-45.11200000000011 
49.846 
57.93999999999951 
55.227999999999874 
55.2679999999998 
51.47399999999993 
56.72599999999971 
55.68799999999968 
56.22799999999957 
56.66199999999961 
60.98399999999964 
-48.54200000000001 
54.191999999999695 
57.82399999999959 
49.31200000000004 
58.02999999999953 
-44.71200000000012 
49.22000000000008 
51.88999999999979 
50.20999999999989 
53.379999999999725 
49.69399999999989 
-46.77000000000003 
54.571999999999555 
-46.47599999999999 
45.96600000000008 
46.43800000000009 
49.41199999999998 
49.95000000000001 
53.36599999999969 
49.81000000000003 
52.40599999999986 
54.241999999999905 
49.58600000000003 
51.29200000000002 
47.77200000000002 
46.904000000000046 
51.729999999999954 
49.21800000000001 
49.73000000000002 
-47.624 
54.181999999999796 
53.12999999999982 
47.76600000000003 
48.02800000000004 
47.576000000000064 
48.064000000000036 
53.15800000000003 
46.782 
51.23199999999992 
58.26799999999962 
45.25199999999999 
51.9879999999999 
49.83800000000001 
55.47999999999969 
49.12800000000004 
-48.44400000000012 
-46.536000000000016 
58.44399999999961 
51.01400000000003 
-49.25599999999998 
59.35399999999949 
51.649999999999956 
54.627999999999815 
49.24400000000003 
57.90399999999961 
59.32199999999963 
52.904 
52.54799999999967 
48.404000000000046 
45.86800000000014 
45.43400000000002 
47.48000000000003 
50.35400000000004 
57.27799999999965 
-47.456000000000024 
57.22399999999954 
55.31799999999957 
-44.614000000000146 
-43.02200000000028 
-43.77400000000023 
48.64399999999995 
-44.87600000000015 
52.93199999999993 
51.559999999999725 
58.52999999999968 
56.30599999999974 
59.11199999999944 
-46.259999999999984 
52.6299999999998 
55.15999999999958 
-46.086000000000034 
-46.461999999999996 
57.56399999999966 
53.22799999999968 
50.05600000000002 
-46.64200000000006 
-43.16400000000026 
-47.15600000000001 
49.97599999999979 
54.8439999999997 
49.27400000000002 
57.023999999999724 
49.01800000000001 
54.63399999999964 
52.24400000000007 
54.39599999999955 
50.33199999999994 
51.54800000000003 
58.941999999999524 
50.74800000000006 
50.839999999999826 
50.38599999999992 
54.187999999999974 
49.62200000000003 
55.765999999999636 
53.56399999999981 
47.71800000000003 
55.79999999999966 
56.05999999999953 
-45.488000000000085 
-49.31799999999999 
55.01799999999996 
53.07199999999985 
-44.89000000000009 
56.993999999999694 
48.96800000000001 
53.45399999999999 
60.41999999999956 
57.881999999999614 
53.52799999999977 
56.24199999999954 
58.413999999999604 
59.301999999999616 
58.47599999999954 
-41.148000000000366 
61.11399999999951 
56.10799999999967 
56.08799999999974 
58.09599999999963 
56.441999999999695 
61.08399999999945 
60.08799999999961 
55.4899999999996 
57.58199999999957 
-47.873999999999995 
57.95999999999963 
56.737999999999666 
-43.56400000000026 
50.41399999999999 
49.06000000000004 
48.73800000000002 
-47.244000000000014 
60.56199999999956 
-46.53000000000003 
-47.20199999999999 
52.712000000000025 
56.70599999999964 
-47.11000000000001 
55.00399999999973 
57.14199999999958 
50.35600000000011 
55.23799999999993 
51.73800000000003 
-47.606000000000016 
58.24799999999961 
54.69399999999967 
56.79599999999962 
55.17999999999967 
55.91999999999966 
55.36799999999973 
-47.126000000000005 
-47.44400000000001 
50.37399999999984 
54.02199999999992 
47.66000000000003 
53.72399999999974 
57.07799999999967 
57.36799999999976 
56.28799999999973 
51.02399999999997 
54.76399999999966 
57.33799999999972 
58.16599999999962 
52.162000000000035 
56.46199999999961 
59.86599999999942 
56.95999999999974 
57.603999999999715 
-46.43000000000002 
51.08000000000003 
56.50999999999979 
53.21600000000003 
54.221999999999845 
54.853999999999715 
51.45400000000001 
56.65399999999965 
-45.84000000000005 
55.76199999999985 
60.61599999999945 
53.52199999999997 
49.91 
56.819999999999716 
55.963999999999885 
57.50399999999976 
56.07399999999966 
55.67799999999981 
55.43199999999972 
58.55399999999966 
57.39199999999987 
56.64199999999982 
56.09399999999962 
54.03000000000001 
53.56200000000001 
56.67399999999973 
55.09599999999988 
57.46999999999972 
57.62199999999974 
54.29999999999999 
54.139999999999915 
58.7459999999996 
54.375999999999976 
52.65200000000005 
55.09599999999967 
58.48799999999946 
61.0179999999994 
56.97599999999966 
61.18799999999939 
55.69199999999975 
56.33199999999971 
58.317999999999444 
57.313999999999716 
59.62199999999953 
57.159999999999634 
58.43999999999943 
56.79399999999962 
56.587999999999745 
59.533999999999466 
-46.092 
58.501999999999484 
59.66999999999948 
54.92199999999959 
49.674000000000085 
57.883999999999595 
59.489999999999576 
58.63199999999952 
56.41999999999964 
57.83199999999973 
53.23999999999997 
56.13399999999961 
58.27199999999959 
58.27399999999953 
59.77999999999959 
59.35399999999939 
57.37199999999971 
55.50599999999961 
58.89599999999942 
58.469999999999544 
59.491999999999514 
53.2379999999997 
59.63199999999934 
58.84399999999952 
56.68599999999975 
59.019999999999534 
-43.60000000000022 
59.307999999999566 
54.63399999999967 
56.81599999999962 
58.70199999999963 
58.65599999999969 
58.89199999999959 
58.9419999999995 
59.403999999999485 
60.405999999999395 
60.379999999999406 
-43.43400000000027 
57.995999999999526 
60.555999999999344 
60.39199999999962 
59.38399999999949 
56.59799999999959 
56.541999999999575 
53.84599999999963 
58.26199999999962 
58.36599999999957 
-44.87600000000015 
58.14999999999948 
60.20399999999947 
-45.962000000000025 
54.26199999999986 
58.58999999999966 
56.11999999999977 
57.107999999999535 
60.54199999999939 
-46.354000000000035 
57.2079999999996 
-45.796000000000056 
57.06999999999956 
55.98799999999955 
59.32199999999946 
53.14999999999975 
58.25999999999959 
56.57599999999952 
57.933999999999536 
57.593999999999596 
57.207999999999686 
57.24799999999971 
58.631999999999536 
57.36999999999958 
55.235999999999656 
59.43799999999948 
56.745999999999604 
59.111999999999625 
58.533999999999594 
55.01799999999965 
58.31999999999951 
57.98599999999958 
58.189999999999586 
55.743999999999694 
54.511999999999645 
55.609999999999516 
54.32799999999976 
58.17599999999956 
57.37599999999962 
54.77399999999975 
57.79999999999963 
-45.430000000000085 
59.31199999999959 
57.34399999999958 
58.75399999999955 
55.545999999999594 
-43.892000000000195 
57.751999999999555 
-45.55600000000008 
58.83799999999948 
-46.514000000000024 
57.25999999999953 
52.84599999999961 
-46.042000000000044 
-43.94400000000023 
-43.28000000000028 
55.87199999999954 
-46.18600000000002 
59.54199999999959 
56.69799999999949 
59.15599999999958 
-44.35000000000018 
-45.97200000000004 
-45.20200000000014 
57.355999999999604 
55.07999999999961 
56.465999999999624 
57.65999999999966 
56.51199999999961 
60.433999999999465 
57.76999999999958 
58.45599999999957 
58.69199999999953 
59.31599999999938 
58.46999999999945 
58.345999999999556 
57.54599999999959 
59.70399999999937 
56.66599999999957 
54.51599999999965 
58.91799999999942 
61.36199999999951 
54.39399999999956 
59.99399999999943 
56.63199999999957 
58.01199999999956 
58.42799999999962 
57.313999999999645 
58.749999999999496 
59.09999999999941 
60.35799999999949 
-44.334000000000195 
57.939999999999564 
59.599999999999625 
-44.59400000000018 
-42.854000000000276 
-43.632000000000225 
59.27599999999958 
57.62599999999945 
-42.52600000000027 
61.67999999999949 
58.717999999999506 
60.42599999999952 
60.033999999999466 
-43.41600000000029 
-45.4260000000001 
-41.9380000000004 
-46.70200000000002 
-43.21200000000026 
61.71199999999961 
59.91199999999949 
58.97999999999946 
59.365999999999566 
-44.672000000000175 
59.29799999999956 
59.405999999999395 
59.95399999999944 
58.937999999999555 
60.013999999999626 
57.27799999999952 
58.965999999999546 
59.00799999999954 
56.783999999999715 
-45.86200000000007 
61.703999999999475 
58.88599999999964 
57.83199999999955 
61.78199999999946 
57.65399999999957 
57.76999999999957 
59.31999999999955 
-43.88600000000019 
59.22399999999952 
60.17599999999942 
58.32799999999947 
60.4679999999995 
58.765999999999565 
60.23599999999954 
57.66999999999961 
57.18399999999951 
55.30199999999957 
61.167999999999495 
58.16199999999959 
57.37799999999959 
55.767999999999574 
60.80999999999948 
52.9739999999999 
55.50599999999976 
55.6539999999996 
53.33599999999973 
59.70999999999945 
53.74799999999995 
58.40399999999944 
55.9979999999997 
59.77399999999958 
58.54999999999957 
55.42599999999971 
60.00399999999958 
56.0139999999998 
58.953999999999404 
57.283999999999594 
57.433999999999564 
59.30799999999959 
59.5099999999996 
57.313999999999524 
54.00799999999965 
60.4659999999995 
59.82999999999943 
59.89599999999943 
57.8599999999995 
-43.58000000000011 
58.0799999999995 
59.33399999999942 
59.29199999999945 
59.7579999999994 
59.16599999999962 
-40.97000000000038 
-43.722000000000186 
59.39999999999949 
60.92399999999948 
56.75799999999958 
57.747999999999585 
56.659999999999584 
60.313999999999545 
57.34999999999956 
-29.13 
60.06799999999966 
58.69999999999948 
56.12599999999959 
56.6099999999995 
54.0079999999996 
51.75999999999984 
60.081999999999425 
51.48599999999982 
58.46199999999946 
54.669999999999504 
59.41799999999941 
53.9079999999996 
60.16399999999953 
57.423999999999594 
52.70599999999986 
57.20999999999951 
59.09999999999943 
58.365999999999495 
56.57799999999959 
57.53399999999955 
57.14199999999954 
58.305999999999585 
59.61399999999959 
56.96599999999956 
58.33999999999958 
58.985999999999585 
59.5139999999995 
55.05599999999954 
60.107999999999414 
58.16599999999951 
60.24999999999939 
56.72599999999952 
57.521999999999515 
58.88799999999948 
58.25599999999947 
56.661999999999665 
-48.97 
61.237999999999765 
56.91399999999955 
61.59599999999942 
56.08399999999953 
57.10599999999957 
-46.07800000000005 
59.417999999999516 
59.47999999999952 
58.265999999999565 
56.00199999999957 
59.79199999999961 
59.46799999999965 
-44.49200000000022 
57.58799999999947 
-45.45200000000008 
57.5559999999995 
58.863999999999514 
59.44599999999954 
57.04399999999964 
57.403999999999535 
49.5739999999999 
61.17599999999946 
59.439999999999465 
60.22599999999949 
57.74399999999949 
58.083999999999605 
60.02199999999949 
58.011999999999574 
57.30199999999951 
57.49199999999959 
56.42599999999956 
58.0079999999995 
60.041999999999575 
59.3259999999995 
54.04799999999957 
58.599999999999596 
56.58199999999952 
52.10999999999984 
58.25399999999963 
59.21399999999948 
59.01799999999957 
-40.416000000000466 
55.34799999999954 
58.227999999999625 
-46.06800000000006 
-43.9420000000002 
59.54599999999944 
-45.83400000000005 
-46.24000000000005 
58.377999999999574 
56.405999999999544 
58.04999999999956 
60.159999999999556 
59.67399999999953 
60.32399999999953 
60.43599999999956 
55.811999999999564 
60.07799999999949 
59.52199999999949 
-44.3360000000002 
58.75399999999955 
53.24399999999959 
58.01599999999954 
55.683999999999735 
60.261999999999546 
54.07999999999955 
60.10599999999948 
60.69399999999952 
57.74799999999948 
60.63799999999952 
59.7999999999995 
61.91999999999947 
60.82999999999949 
61.495999999999455 
60.83999999999938 
58.53199999999946 
58.60999999999943 
60.34199999999963 
60.11799999999947 
-41.5400000000004 
60.143999999999444 
60.63999999999949 
61.205999999999364 
58.61399999999949 
57.497999999999536 
60.07599999999947 
59.283999999999516 
59.943999999999484 
61.85999999999946 
60.18199999999952 
55.083999999999534 
62.92799999999946 
59.78399999999962 
61.42799999999948 
60.3059999999994 
59.82599999999949 
61.195999999999565 
61.35599999999944 
60.041999999999575 
59.47199999999951 
58.223999999999606 
-46.41400000000005 
58.78199999999956 
58.42399999999957 
58.11599999999954 
61.32999999999949 
59.88999999999962 
58.981999999999466 
-41.29000000000039 
57.121999999999524 
60.07599999999961 
-46.91400000000002 
60.99599999999939 
61.54799999999952 
55.36999999999959 
-42.68400000000029 
61.07599999999949 
61.53199999999947 
60.23399999999954 
61.45399999999966 
60.973999999999506 
59.883999999999496 
61.89999999999941 
62.17599999999952 
60.66199999999956 
58.43799999999954 
62.5639999999996 
62.487999999999445 
60.845999999999485 
61.981999999999616 
59.259999999999536 
60.12599999999968 
59.315999999999605 
59.2339999999997 
60.08999999999952 
60.749999999999595 
58.439999999999664 
61.061999999999685 
61.18199999999941 
58.2919999999996 
60.93999999999956 
-42.37000000000033 
62.913999999999376 
57.761999999999595 
61.789999999999395 
63.19599999999951 
60.70999999999966 
61.17999999999954 
59.6539999999995 
61.117999999999505 
60.91199999999955 
63.275999999999435 
58.6759999999995 
62.63999999999949 
61.79599999999964 
56.679999999999524 
62.30799999999944 
60.6459999999996 
62.44399999999942 
60.65399999999953 
60.605999999999625 
62.55799999999954 
59.46399999999964 
61.91799999999964 
60.82199999999958 
63.93199999999953 
-44.25800000000015 
62.069999999999574 
-44.502000000000166 
61.57399999999948 
63.63999999999949 
61.13999999999973 
-43.056000000000246 
62.45599999999948 
62.11799999999951 
61.55999999999963 
-44.81000000000012 
60.131999999999564 
62.20599999999966 
-46.200000000000074 
62.47999999999951 
-43.394000000000226 
62.77199999999942 
-43.34000000000018 
-45.06600000000014 
62.58799999999961 
60.76999999999951 
-44.962000000000145 
-45.09000000000013 
62.21199999999962 
-44.65200000000014 
60.35799999999958 
62.30199999999962 
63.44799999999955 
62.21399999999966 
63.9259999999996 
60.90799999999957 
61.04999999999956 
-41.30200000000039 
62.9879999999995 
60.30999999999955 
61.411999999999445 
-47.35800000000001 
60.27999999999956 
62.62799999999938 
60.987999999999545 
62.27399999999956 
62.24199999999956 
60.56199999999954 
62.00599999999956 
60.86199999999968 
60.9839999999995 
61.31799999999952 
60.32599999999953 
-46.43600000000003 
61.33799999999938 
62.18599999999964 
62.5119999999995 
62.355999999999554 
-26.079999999999988 
60.68199999999964 
62.43399999999962 
59.0339999999996 
61.09399999999961 
63.0399999999995 
62.553999999999604 
62.82999999999945 
61.81799999999943 
61.755999999999744 
61.2659999999996 
61.8199999999996 
62.099999999999525 
59.82399999999967 
61.28999999999953 
60.439999999999536 
58.29999999999965 
61.77199999999951 
62.69399999999961 
60.89599999999959 
61.96399999999959 
60.13999999999953 
61.46199999999967 
60.657999999999575 
59.82799999999942 
60.05799999999959 
62.18999999999939 
60.66199999999938 
61.6219999999997 
-27.965999999999998 
59.955999999999534 
60.51999999999953 
58.61799999999947 
61.63999999999949 
61.27399999999963 
62.10199999999955 
59.46599999999961 
61.31399999999957 
60.601999999999734 
61.12999999999957 
59.783999999999594 
59.025999999999684 
59.63199999999965 
59.90799999999953 
58.109999999999516 
61.81599999999939 
60.225999999999566 
60.47199999999946 
62.57999999999958 
60.873999999999704 
58.99399999999966 
63.369999999999514 
58.53999999999963 
60.76799999999954 
60.909999999999705 
58.77599999999955 
61.587999999999525 
61.93999999999956 
62.55399999999949 
59.313999999999496 
60.14399999999958 
62.08999999999946 
60.71999999999948 
62.411999999999445 
62.691999999999645 
61.41799999999946 
61.53999999999971 
59.84599999999939 
61.603999999999566 
60.123999999999576 
55.41799999999962 
60.51999999999955 
-46.15400000000003 
57.17399999999978 
61.29199999999947 
60.46799999999939 
62.37399999999962 
61.999999999999524 
60.955999999999406 
61.20799999999942 
61.441999999999624 
59.821999999999576 
62.609999999999445 
61.845999999999506 
61.87399999999957 
60.15399999999937 
60.4019999999994 
59.377999999999595 
61.731999999999545 
-43.732000000000184 
61.94399999999957 
60.5199999999995 
63.869999999999436 
61.90599999999948 
-46.22600000000005 
-44.960000000000115 
62.249999999999496 
60.80399999999963 
62.067999999999536 
60.7019999999994 
60.329999999999444 
60.769999999999435 
61.593999999999674 
59.22599999999948 
61.63999999999951 
62.18599999999975 
60.73999999999947 
61.663999999999675 
59.12799999999953 
61.69199999999963 
61.66799999999963 
62.03199999999969 
62.41599999999956 
64.02199999999951 
60.931999999999626 
-47.25400000000002 
62.10999999999963 
57.78999999999958 
60.949999999999655 
61.75399999999956 
61.72199999999952 
60.47199999999944 
61.139999999999496 
61.99199999999948 
62.31599999999952 
60.069999999999624 
55.673999999999516 
61.005999999999766 
58.10599999999968 
61.54399999999973 
55.75999999999949 
62.473999999999506 
60.10999999999964 
58.34999999999958 
57.52199999999962 
59.35599999999968 
62.64599999999961 
56.76799999999958 
58.465999999999504 
-46.59600000000003 
61.39999999999955 
56.813999999999496 
59.33399999999984 
60.70599999999944 
60.55799999999955 
58.079999999999515 
54.28199999999953 
59.83799999999948 
56.23799999999949 
59.16999999999958 
57.405999999999494 
56.96799999999966 
57.30399999999947 
55.375999999999515 
62.53799999999948 
59.59399999999947 
57.38599999999947 
61.74199999999951 
61.19799999999956 
56.54999999999948 
58.42399999999955 
55.60199999999956 
61.6839999999995 
62.80799999999946 
62.473999999999485 
60.06999999999963 
55.65199999999959 
62.20199999999955 
60.46399999999954 
57.2899999999995 
61.493999999999694 
59.905999999999516 
58.897999999999655 
61.947999999999524 
60.335999999999515 
58.46399999999952 
-41.92200000000034 
-41.490000000000364 
-43.768000000000185 
-39.39200000000025 
60.18399999999949 
61.36799999999952 
62.527999999999395 
59.49399999999954 
60.95999999999953 
58.28799999999958 
56.56799999999963 
62.10199999999951 
60.581999999999624 
61.8539999999995 
61.27999999999953 
60.84199999999946 
-44.53600000000023 
59.513999999999655 
59.58399999999962 
60.8639999999996 
-48.30999999999999 
59.11399999999954 
62.79199999999951 
62.147999999999556 
61.479999999999585 
59.10599999999944 
62.27399999999954 
62.205999999999406 
61.96599999999955 
59.93599999999958 
63.16799999999948 
62.35999999999956 
59.98199999999959 
60.41199999999968 
61.6779999999995 
56.99599999999954 
61.717999999999535 
57.27199999999954 
62.82799999999946 
60.86399999999942 
62.271999999999544 
57.86599999999964 
-27.92 
61.823999999999636 
-28.392 
62.769999999999456 
61.5939999999996 
-44.992000000000104 
60.36999999999952 
61.91599999999968 
62.231999999999516 
59.98399999999954 
62.361999999999625 
-45.2620000000001 
60.89999999999966 
62.711999999999605 
63.08199999999952 
62.84399999999957 
62.83799999999966 
62.23199999999962 
60.827999999999506 
59.57599999999976 
61.979999999999535 
62.95599999999946 
58.223999999999556 
62.15199999999956 
61.54999999999964 
60.50799999999951 
61.3899999999995 
-49.098 
62.62399999999954 
62.80399999999968 
59.045999999999495 
61.74799999999952 
62.13999999999958 
63.09199999999949 
62.48199999999971 
62.383999999999475 
60.15999999999966 
60.385999999999505 
59.03399999999956 
62.041999999999504 
62.85199999999956 
63.52199999999954 
63.44799999999956 
63.11799999999951 
61.03999999999955 
59.01199999999953 
61.74799999999949 
61.66599999999947 
62.817999999999415 
61.331999999999624 
58.89199999999961 
62.53799999999947 
62.89199999999942 
62.49199999999947 
62.783999999999494 
62.37399999999967 
61.32399999999943 
61.21799999999951 
57.521999999999686 
63.2299999999994 
-45.400000000000084 
62.86999999999945 
62.29999999999951 
58.677999999999685 
62.557999999999595 
60.925999999999426 
62.00599999999939 
62.393999999999465 
61.585999999999586 
61.86199999999953 
61.97599999999953 
59.69599999999964 
61.69999999999941 
61.889999999999446 
62.367999999999455 
62.381999999999586 
60.677999999999685 
61.1419999999995 
60.04799999999945 
62.029999999999504 
61.56199999999954 
59.13999999999952 
59.79999999999946 
63.50799999999953 
63.45599999999942 
63.0739999999994 
62.10599999999962 
59.82999999999958 
63.98799999999949 
61.93799999999944 
61.25399999999955 
62.90199999999949 
58.57199999999946 
61.72199999999949 
61.311999999999415 
60.729999999999436 
61.44999999999955 
63.48399999999963 
63.46799999999954 
56.73199999999946 
59.52999999999953 
61.40599999999963 
63.70999999999939 
63.25199999999946 
63.06399999999957 
58.91999999999942 
59.81399999999953 
57.17999999999951 
59.85999999999957 
62.29799999999949 
59.60999999999948 
61.04199999999959 
62.381999999999636 
62.483999999999526 
57.561999999999585 
61.493999999999545 
58.25399999999938 
62.70599999999955 
63.711999999999485 
59.62399999999963 
59.49999999999942 
60.92199999999957 
61.06799999999966 
61.52799999999949 
62.60399999999941 
62.833999999999335 
59.977999999999554 
59.813999999999396 
59.53999999999938 
-40.502000000000365 
63.59599999999956 
-39.242000000000374 
63.4959999999995 
62.9719999999994 
60.249999999999446 
61.46799999999958 
-42.89200000000027 
63.37399999999943 
63.3359999999995 
62.12599999999951 
64.02399999999946 
58.17199999999947 
-37.45200000000059 
64.5259999999995 
61.4919999999997 
-40.77400000000041 
63.03599999999941 
63.521999999999544 
-36.33200000000047 
59.82799999999955 
-22.502000000000233 
63.875999999999465 
-41.79800000000034 
61.88999999999962 
62.31399999999948 
62.707999999999366 
64.0559999999996 
63.87999999999964 
63.41399999999952 
63.407999999999475 
-47.373999999999995 
64.02199999999954 
63.761999999999425 
63.18399999999959 
63.91399999999963 
61.4959999999995 
63.691999999999375 
63.61199999999959 
63.59799999999951 
61.36999999999948 
62.6839999999996 
63.68599999999957 
64.0119999999996 
63.32599999999965 
64.39199999999937 
-48.786 
62.68599999999963 
63.84599999999965 
64.21999999999952 
63.391999999999456 
61.89399999999962 
-38.438000000000294 
61.561999999999436 
-36.66400000000049 
64.36799999999947 
63.849999999999575 
63.65199999999966 
63.66599999999955 
62.57199999999938 
63.799999999999585 
62.97799999999938 
63.93199999999951 
63.14399999999957 
62.37199999999948 
-48.986 
64.40799999999962 
63.225999999999566 
61.73999999999961 
64.43399999999946 
64.53999999999951 
64.4119999999995 
63.325999999999446 
64.10199999999949 
62.38399999999945 
63.38599999999947 
-38.93200000000034 
61.753999999999536 
64.17599999999952 
63.29799999999952 
62.67799999999946 
64.63799999999955 
63.907999999999475 
63.41399999999954 
63.52399999999944 
64.73599999999959 
63.10399999999954 
63.84599999999955 
63.52199999999943 
63.75399999999957 
62.86999999999956 
60.13799999999961 
65.01999999999957 
61.62399999999959 
62.301999999999474 
62.62399999999952 
63.9619999999994 
63.31999999999958 
63.287999999999414 
-35.91600000000044 
64.25799999999951 
64.19599999999956 
63.0379999999995 
63.811999999999585 
-22.818000000000367 
62.393999999999515 
60.83999999999945 
63.313999999999666 
64.13799999999961 
62.95399999999961 
63.49599999999957 
63.13999999999933 
64.35999999999952 
62.94799999999954 
63.29199999999957 
62.32399999999967 
62.519999999999506 
63.57799999999954 
-36.35000000000063 
63.0499999999996 
63.895999999999496 
-36.33200000000045 
64.9819999999995 
61.78199999999968 
63.17999999999944 
61.709999999999454 
63.535999999999504 
63.62399999999971 
62.08199999999957 
61.81399999999961 
63.399999999999636 
64.21599999999962 
63.01799999999963 
61.11199999999961 
63.90399999999956 
61.68799999999959 
64.91199999999962 
63.01599999999965 
64.30599999999968 
63.22999999999967 
63.819999999999666 
63.80999999999946 
61.96599999999969 
63.86199999999958 
63.63399999999953 
62.18599999999946 
63.35799999999962 
63.80999999999966 
63.83599999999963 
-48.422 
61.431999999999604 
62.70199999999954 
62.50399999999956 
62.95799999999966 
63.19999999999956 
63.19199999999968 
60.36199999999954 
61.939999999999486 
61.959999999999525 
62.94599999999964 
62.42399999999967 
64.32399999999971 
62.127999999999666 
63.629999999999654 
63.39999999999972 
64.45199999999953 
62.47199999999959 
-28.572 
64.11799999999945 
62.333999999999655 
63.49199999999959 
-46.00000000000016 
61.42799999999957 
64.80999999999946 
63.40599999999959 
-44.08400000000017 
62.0479999999995 
63.84399999999949 
64.02399999999943 
62.85199999999946 
62.44799999999944 
63.30199999999963 
62.01799999999966 
63.99999999999956 
-25.092000000000134 
63.093999999999575 
61.76599999999947 
62.627999999999595 
62.979999999999606 
63.09799999999968 
64.9819999999996 
62.44799999999951 
63.53399999999971 
65.45999999999952 
62.73399999999963 
63.96599999999956 
63.309999999999654 
60.853999999999644 
63.40599999999957 
-41.920000000000314 
63.623999999999576 
61.86199999999965 
62.79199999999967 
63.59199999999963 
63.96199999999956 
65.22599999999956 
63.30199999999965 
63.99799999999964 
62.265999999999764 
63.9519999999997 
62.801999999999545 
63.33599999999968 
62.55199999999959 
63.15599999999956 
64.7959999999996 
63.635999999999626 
63.643999999999586 
63.57999999999964 
62.69799999999956 
64.1459999999996 
63.889999999999695 
64.14999999999944 
63.35199999999969 
61.81199999999951 
61.28599999999966 
62.81999999999987 
61.63999999999957 
64.16599999999961 
62.711999999999506 
63.837999999999646 
65.09999999999937 
58.73599999999958 
63.89399999999968 
-44.51200000000014 
62.71999999999975 
62.27599999999961 
63.12399999999966 
63.71799999999949 
64.05599999999959 
64.43799999999962 
-26.402000000000026 
63.267999999999574 
64.9339999999996 
64.51799999999957 
63.84199999999965 
63.54999999999964 
-28.247999999999998 
62.82599999999956 
64.06799999999961 
64.31599999999965 
63.86599999999965 
64.8499999999995 
63.423999999999666 
62.70599999999957 
63.917999999999566 
63.8459999999995 
63.0439999999996 
64.0479999999997 
63.43999999999975 
61.56399999999958 
64.00599999999943 
63.553999999999604 
62.443999999999534 
61.54199999999945 
63.73799999999951 
62.98999999999982 
63.797999999999504 
64.1559999999995 
62.1539999999996 
62.58999999999968 
63.63399999999966 
64.0019999999997 
63.48199999999967 
64.61799999999945 
63.72199999999959 
62.87999999999956 
64.01599999999945 
60.613999999999535 
61.32599999999958 
63.21999999999952 
64.02399999999962 
61.53199999999966 
64.70799999999953 
60.433999999999514 
63.96999999999968 
63.82999999999961 
61.315999999999704 
63.75399999999952 
64.62199999999956 
62.185999999999616 
61.167999999999694 
63.75599999999962 
61.0979999999995 
61.56599999999955 
62.3899999999997 
61.047999999999654 
60.19399999999966 
60.795999999999374 
62.489999999999775 
62.515999999999536 
62.9859999999996 
61.26599999999961 
62.10999999999961 
62.29199999999965 
61.42199999999957 
63.951999999999536 
60.863999999999564 
62.96799999999961 
62.14999999999959 
62.853999999999544 
63.44999999999955 
62.043999999999585 
62.8339999999996 
61.36199999999962 
63.41799999999961 
62.669999999999526 
63.79599999999944 
63.0939999999995 
62.925999999999746 
64.35799999999945 
62.65599999999961 
63.27199999999956 
63.343999999999596 
62.06599999999953 
62.36199999999953 
61.021999999999565 
63.02199999999954 
64.08399999999959 
64.98599999999954 
63.75799999999941 
63.22599999999948 
62.76999999999947 
62.21999999999954 
63.77599999999958 
63.4159999999995 
62.4659999999995 
-22.870000000000314 
64.26799999999965 
59.9399999999996 
62.8139999999996 
63.03599999999961 
62.65399999999954 
63.36399999999948 
62.77199999999956 
62.87999999999952 
62.527999999999636 
60.9639999999996 
63.805999999999386 
63.27999999999938 
63.07799999999963 
59.5439999999996 
63.75199999999957 
61.24999999999945 
-28.156 
61.0799999999996 
62.63999999999949 
62.12599999999947 
62.22799999999955 
-27.89 
63.26999999999959 
61.50799999999958 
-21.970000000000315 
62.55799999999954 
61.067999999999564 
59.809999999999505 
63.26799999999945 
63.07999999999952 
62.513999999999655 
59.73199999999955 
63.80599999999952 
60.023999999999575 
63.101999999999535 
63.22199999999965 
63.7099999999995 
60.87999999999961 
63.449999999999456 
63.0199999999995 
60.9779999999995 
61.71599999999955 
62.42399999999962 
63.3479999999995 
60.73399999999954 
63.133999999999475 
63.70399999999964 
61.79999999999952 
63.4199999999996 
62.62399999999955 
64.32799999999958 
63.3839999999995 
63.029999999999475 
63.96399999999942 
58.23799999999956 
62.80399999999958 
-41.41800000000033 
65.10599999999941 
61.031999999999435 
62.47399999999954 
63.12799999999953 
63.955999999999726 
63.383999999999524 
62.99799999999951 
62.3059999999996 
60.707999999999615 
63.46599999999953 
61.09199999999941 
63.11999999999959 
60.693999999999605 
63.53399999999956 
62.007999999999505 
63.79599999999945 
59.75199999999971 
60.851999999999634 
61.99999999999954 
63.63599999999955 
64.16999999999958 
64.05199999999957 
63.749999999999616 
63.45399999999956 
62.38799999999962 
59.64199999999958 
63.79999999999946 
62.21399999999956 
59.297999999999504 
64.03799999999958 
63.67999999999965 
63.25399999999955 
59.93399999999949 
60.76799999999953 
62.25599999999948 
60.65599999999953 
-24.050000000000217 
64.4359999999994 
61.441999999999624 
-48.580000000000005 
64.38599999999954 
58.935999999999495 
63.189999999999614 
57.33999999999959 
60.5059999999994 
61.36199999999944 
61.92999999999949 
62.25799999999961 
58.46999999999939 
62.23799999999953 
61.63199999999958 
56.62199999999936 
63.589999999999534 
59.08199999999968 
60.68399999999955 
62.815999999999576 
58.855999999999554 
62.32399999999944 
60.05399999999942 
-38.01800000000043 
58.50999999999957 
-42.76600000000026 
63.54599999999937 
60.31199999999959 
61.7959999999996 
-27.450000000000003 
58.97399999999948 
59.94199999999966 
59.2179999999995 
60.61199999999957 
62.441999999999354 
62.059999999999434 
63.71799999999944 
-41.32800000000031 
63.32999999999949 
62.92799999999946 
59.52399999999951 
-41.860000000000305 
63.24199999999946 
63.53799999999944 
62.26999999999947 
59.247999999999564 
58.79799999999966 
58.54999999999944 
62.87399999999941 
58.927999999999415 
-24.976000000000194 
58.72199999999974 
59.40599999999956 
57.94399999999959 
59.711999999999705 
59.97599999999962 
62.66999999999944 
61.925999999999505 
61.053999999999505 
64.26999999999948 
58.53599999999974 
60.36199999999955 
58.321999999999534 
59.01199999999958 
64.01599999999948 
60.62199999999946 
-22.106000000000297 
60.63199999999963 
61.64999999999968 
59.5559999999996 
61.74399999999955 
62.99399999999953 
62.869999999999415 
60.57199999999947 
59.42599999999958 
61.00399999999956 
60.405999999999594 
59.973999999999634 
64.16399999999939 
59.18999999999956 
59.92599999999948 
60.611999999999476 
60.31599999999951 
63.333999999999655 
59.99799999999955 
63.223999999999485 
58.253999999999536 
58.59999999999958 
61.11599999999946 
60.711999999999634 
60.61799999999966 
62.24999999999955 
63.72999999999962 
61.52599999999934 
59.50399999999959 
60.471999999999625 
60.15799999999956 
60.04599999999952 
60.49399999999959 
62.37199999999933 
57.44799999999957 
63.28599999999952 
60.43599999999959 
59.18599999999961 
59.445999999999614 
61.13199999999955 
59.789999999999594 
59.47399999999958 
60.67199999999945 
56.9839999999995 
60.873999999999604 
60.01199999999967 
59.969999999999594 
58.21399999999946 
58.0279999999996 
58.481999999999495 
58.68199999999957 
61.70799999999948 
59.31199999999942 
62.25799999999934 
62.64599999999945 
63.137999999999586 
64.9319999999995 
62.213999999999565 
62.38799999999959 
59.879999999999576 
64.67399999999955 
61.189999999999515 
58.91799999999955 
64.52999999999952 
61.73799999999953 
60.84199999999959 
63.70199999999961 
63.60399999999945 
60.92599999999952 
64.07399999999946 
63.18999999999959 
58.96599999999951 
63.71999999999947 
61.21799999999935 
63.75399999999946 
62.475999999999544 
61.231999999999424 
63.801999999999396 
62.271999999999444 
63.67199999999946 
64.4159999999995 
61.7439999999995 
62.56599999999953 
61.49399999999953 
64.02399999999957 
61.94399999999955 
64.37799999999937 
63.999999999999446 
64.43599999999952 
63.919999999999526 
62.755999999999524 
63.529999999999575 
63.83599999999951 
65.00599999999945 
59.61199999999962 
62.24999999999966 
62.61799999999956 
63.603999999999516 
62.459999999999454 
64.52799999999955 
62.60999999999945 
59.27199999999954 
62.66999999999959 
63.87599999999954 
64.02999999999939 
65.29399999999941 
64.6339999999995 
65.28199999999947 
62.551999999999566 
61.52599999999954 
62.51199999999952 
63.525999999999414 
64.31999999999948 
63.86999999999948 
64.61999999999946 
61.01399999999949 
64.70199999999937 
62.23999999999949 
63.153999999999556 
63.70199999999953 
64.14999999999951 
60.027999999999594 
64.47999999999956 
64.58999999999946 
62.2499999999996 
61.023999999999454 
64.27999999999953 
63.95799999999957 
63.40799999999951 
63.5419999999996 
63.09599999999952 
64.77599999999951 
64.88399999999947 
62.95399999999963 
-41.17200000000025 
63.04199999999941 
62.521999999999636 
65.17599999999942 
63.785999999999525 
62.71399999999942 
64.00799999999944 
-22.420000000000343 
-40.65400000000038 
65.03799999999944 
63.73599999999936 
63.92599999999946 
64.00199999999946 
64.27799999999941 
64.62199999999949 
63.52199999999956 
-28.956 
64.53799999999953 
63.675999999999576 
63.043999999999585 
65.14799999999958 
64.05199999999944 
62.58799999999977 
63.491999999999535 
63.21199999999945 
65.04599999999938 
61.57199999999959 
63.965999999999596 
64.44799999999955 
63.06999999999947 
62.96599999999963 
64.0499999999995 
63.45599999999947 
63.48799999999964 
64.0639999999995 
64.17999999999944 
60.43799999999951 
64.00199999999948 
64.9739999999997 
64.5759999999994 
64.67199999999943 
65.24799999999944 
61.749999999999474 
64.00799999999953 
62.60599999999952 
61.89599999999952 
61.26199999999963 
63.847999999999516 
65.16999999999946 
63.04999999999954 
63.56999999999944 
62.05799999999956 
64.12199999999943 
65.0159999999995 
62.60799999999954 
65.09199999999953 
-28.354 
60.77199999999941 
61.45399999999951 
62.99199999999954 
62.06399999999954 
62.48799999999941 
64.28999999999961 
62.893999999999714 
65.19999999999948 
59.05199999999947 
64.66999999999956 
63.73999999999963 
64.03999999999945 
63.91199999999952 
64.68999999999951 
63.86199999999953 
63.71799999999945 
63.49199999999961 
60.58599999999949 
63.283999999999494 
63.32399999999958 
65.84799999999939 
62.01599999999951 
64.55999999999952 
63.76599999999955 
64.20599999999959 
63.25999999999948 
61.08999999999955 
62.387999999999494 
64.23399999999957 
63.25399999999962 
62.865999999999495 
63.69399999999955 
61.3439999999995 
61.00399999999945 
64.80999999999943 
62.8239999999995 
-21.014000000000355 
-27.15200000000001 
63.78999999999954 
62.02199999999962 
63.15799999999945 
61.981999999999545 
63.63399999999949 
64.35999999999945 
61.83799999999936 
62.65799999999952 
61.887999999999494 
63.0379999999995 
63.94199999999955 
63.65199999999962 
64.89399999999948 
64.25999999999964 
63.699999999999626 
63.18199999999949 
63.581999999999525 
60.191999999999624 
64.09999999999947 
64.20999999999958 
64.40599999999962 
63.7179999999996 
64.01399999999978 
64.35399999999956 
65.03799999999961 
63.615999999999644 
63.61199999999951 
63.531999999999634 
63.963999999999515 
63.62399999999952 
63.11999999999949 
64.0539999999994 
62.511999999999496 
63.55199999999961 
63.42599999999956 
64.37399999999955 
64.85399999999964 
65.01399999999951 
63.7839999999994 
65.46599999999957 
63.53799999999946 
64.83599999999957 
64.58199999999965 
62.939999999999614 
64.44799999999964 
62.77599999999959 
63.21999999999956 
63.777999999999615 
64.0559999999996 
-42.53400000000034 
64.31399999999957 
64.51799999999946 
63.96199999999946 
63.60399999999951 
64.0419999999994 
65.40999999999954 
62.905999999999445 
63.221999999999625 
64.46399999999961 
63.707999999999544 
64.68199999999962 
62.44799999999949 
64.7339999999995 
-27.374000000000002 
63.57199999999962 
65.67399999999947 
64.17999999999957 
63.51399999999969 
63.963999999999544 
64.18999999999949 
63.493999999999446 
64.87199999999956 
63.67399999999966 
63.45599999999945 
64.00199999999957 
64.71399999999957 
65.11399999999952 
66.51999999999956 
63.85199999999945 
62.56599999999951 
62.58199999999961 
63.49599999999953 
63.7179999999996 
64.53399999999957 
64.1799999999997 
62.22599999999954 
