-48.907 
-49.709 
-49.448 
-48.013000000000005 
-49.07 
-49.203 
-49.265 
-49.737 
-49.589 
-50.601 
-49.039 
-49.585 
-49.503 
-48.541000000000004 
-49.38 
-48.986 
-49.588 
-49.548 
-49.675 
-49.199 
-49.693 
-49.51 
-49.326 
-49.243 
-48.068000000000005 
-49.653999999999996 
-49.349 
-48.391000000000005 
-49.566 
-49.417 
-48.825 
-48.885 
-49.498 
-50.072 
-48.998 
-48.329 
-49.192 
34.171 
-48.588 
34.965 
-48.722 
-48.986 
-49.389 
-49.551 
-49.463 
-51.167 
-48.315000000000005 
-48.939 
-49.262 
-49.609 
-49.042 
-47.903000000000006 
-52.394999999999996 
-49.666 
-48.337 
-50.395 
-48.964 
-49.019 
-51.528 
-48.947 
-49.192 
-48.00300000000001 
-47.362 
49.887 
-49.028999999999996 
-48.61 
-49.372 
-51.852399999999996 
-49.073 
-48.715 
-49.546 
-49.508 
-48.838 
-49.295 
-48.679 
-48.916 
-48.508 
-49.443 
-50.041 
-48.843 
-48.493 
-48.912 
-52.318999999999996 
-49.544 
-52.72999999999999 
-48.305 
-50.03 
-49.248 
34.229 
-49.963 
-49.272999999999996 
-48.908 
-48.117000000000004 
33.771 
-49.563 
-49.649 
-50.018 
33.965 
-49.657 
-48.94 
-49.716 
-48.929 
-49.657 
-49.584 
-49.831 
-49.147 
-50.383 
-49.091 
-49.048 
-49.032 
-49.123 
34.246 
-49.68 
-49.262 
-50.269 
-49.796 
-51.172 
-49.525 
-49.166 
48.562000000000005 
-48.095000000000006 
-50.464 
-50.08 
-48.54 
-50.105 
-49.79 
-50.09 
-53.435999999999986 
-50.168 
50.506 
-50.867 
-48.629000000000005 
-52.54399999999999 
33.215 
-49.435 
-49.931 
33.519000000000005 
-49.684 
33.27700000000001 
-48.729 
-49.332 
-49.916 
-50.06 
34.561 
-30.599 
33.316 
-50.819 
-49.011 
-50.038 
-50.164 
-49.836 
-49.48 
33.678000000000004 
-49.424 
-48.659 
-50.97 
-48.869 
-49.659 
-50.368 
-49.784 
-50.52 
31.226000000000017 
-49.714 
-49.352 
-49.889 
-53.21199999999999 
33.38100000000001 
-48.163000000000004 
-49.245 
-50.914 
49.098 
33.78 
-49.827 
-50.532000000000004 
-48.891 
-51.63739999999999 
49.539 
-50.713 
32.68200000000001 
-49.795 
-49.435 
-51.105 
-50.197 
-48.826 
-50.444 
-52.82399999999999 
-49.784 
-51.403 
-48.769 
-50.455 
-51.378 
-49.903999999999996 
49.433 
34.08 
34.099 
33.567 
-48.499 
34.479 
48.48100000000001 
-52.443 
34.146 
-50.136 
-54.677 
-49.985 
34.097 
-50.161 
-49.51 
48.187000000000005 
-51.083 
-50.717 
-50.079 
-51.269 
-49.701 
49.173 
-49.789 
-50.346000000000004 
-50.57 
-31.143 
49.165 
-49.948 
-51.71329999999999 
-51.26539999999999 
34.351 
-49.972 
-49.474 
-50.141 
-28.904 
-50.54 
-49.596 
49.492 
-54.51600000000002 
-50.946 
-49.362 
-49.83 
-49.364 
-50.489 
33.987 
-31.156 
-50.048 
-50.078 
-53.06799999999999 
-49.802 
-50.476 
33.758 
-50.358 
-51.919799999999995 
34.176 
-51.241 
-49.945 
33.731 
-29.878 
-50.213 
34.068 
-48.975 
34.903 
-49.665 
32.70400000000001 
34.255 
-49.98 
33.802 
-52.867999999999995 
48.77 
-49.742 
-57.275000000000006 
33.026 
-49.82 
32.676 
49.865 
-49.993 
34.208999999999996 
47.536 
-50.689 
49.01 
-51.474 
-48.764 
-50.517 
34.312 
34.301 
49.397999999999996 
-48.537 
32.384000000000015 
-51.538 
-29.908 
-54.07200000000001 
-50.306 
-50.541 
-51.059 
48.94 
-53.50700000000001 
-52.1226 
-49.422 
-48.255 
33.61000000000001 
-52.27799999999999 
-49.829 
-48.031000000000006 
-50.012 
-50.801 
-50.55 
-49.222 
-50.022 
-51.54899999999999 
-50.716 
34.042 
-50.283 
-49.987 
-50.773 
-50.898 
33.978 
-47.74400000000001 
34.244 
-52.70499999999999 
-50.964999999999996 
-49.676 
48.803000000000004 
-50.971000000000004 
33.684000000000005 
49.21 
-49.733 
-50.448 
33.9 
-48.228 
-50.604 
-50.351 
-47.87300000000001 
-51.061 
-53.425 
-49.912 
-48.993 
33.443000000000005 
34.204 
49.385 
33.357000000000006 
-52.29500000000001 
48.731 
49.323 
34.613 
33.404 
-49.926 
33.716 
-51.897999999999996 
33.07800000000001 
-49.626 
-31.990999999999996 
33.730000000000004 
-53.294000000000004 
49.271 
34.557 
-49.741 
33.849000000000004 
-49.114 
-52.68699999999999 
-50.891 
-52.85999999999999 
-50.493 
-56.41999999999999 
48.656000000000006 
33.446000000000005 
-46.67100000000001 
-49.752 
-50.119 
-50.012 
34.375 
33.334 
-49.92 
33.624 
-48.13700000000001 
-49.743 
-49.619 
-49.771 
-51.135099999999994 
34.027 
-50.147 
-30.191 
48.476000000000006 
34.933 
-51.425 
34.622 
-47.919000000000004 
33.94 
48.912 
-50.712 
-52.05500000000002 
-49.633 
34.389 
-50.199 
-49.866 
-48.229000000000006 
33.656000000000006 
-50.058 
33.774 
33.232000000000006 
33.565000000000005 
33.404 
49.263 
34.451 
-49.327 
-50.475 
33.697 
49.182 
-28.578000000000003 
-50.778 
49.926 
49.899 
-51.76899999999999 
-52.392999999999994 
34.21 
-52.318599999999996 
-51.81799999999999 
-50.826 
-54.56 
33.902 
-52.75999999999999 
-50.102 
-51.146 
-50.925 
-53.557999999999986 
-50.323 
-52.19380000000001 
49.227 
-49.984 
34.262 
-53.673999999999985 
-49.442 
33.638000000000005 
-49.269 
34.358 
-58.404 
-50.702 
-50.8436 
-48.993 
49.189 
48.179 
-52.61299999999999 
-50.064 
49.422 
49.479 
34.012 
-50.679 
49.329 
-29.746 
34.11 
32.93000000000001 
-50.747 
-51.921499999999995 
-49.955 
34.33 
-52.81999999999999 
48.047000000000004 
33.649 
33.767 
-51.535 
-48.337 
-51.5453 
-49.024 
-50.393 
-49.958 
33.848 
-50.727000000000004 
-50.484 
-49.975 
48.516000000000005 
33.844 
48.736000000000004 
32.75600000000001 
-50.737 
48.928 
-49.58 
48.86 
-51.916999999999994 
49.408 
-52.168000000000006 
34.625 
-49.765 
-50.958 
-50.052 
-49.934 
34.128 
-50.582 
33.21300000000001 
33.730000000000004 
-51.266 
-49.714 
-50.498 
-50.428 
-50.730000000000004 
49.73 
-49.696 
-50.908 
-49.54 
-50.574 
33.074000000000005 
-50.343 
-51.62 
-50.592 
49.502 
33.617000000000004 
-53.56699999999999 
33.37800000000001 
-50.726 
-50.64 
-48.330000000000005 
48.628 
-49.96 
-48.535000000000004 
-50.567 
-49.692 
34.223 
48.784 
34.184 
-49.58 
-49.439 
-52.410999999999994 
33.687000000000005 
-50.871 
-50.174 
49.63 
-50.049 
-54.44799999999999 
33.762 
34.001 
32.77700000000001 
-50.157000000000004 
-50.882 
-51.97899999999999 
-52.593999999999994 
-49.948 
33.05500000000001 
-49.366 
-52.37099999999999 
49.326 
49.332 
34.472 
-48.981 
-29.414 
-49.561 
33.969 
-51.854099999999995 
49.114 
48.518 
48.784 
49.635 
33.655 
49.184 
-30.838 
-49.538 
32.586000000000006 
-50.99 
48.894 
-51.095 
49.024 
-51.70099999999999 
-58.061000000000035 
-50.117 
49.226 
34.372 
-52.24399999999999 
33.635000000000005 
-50.009 
49.517 
-50.694 
33.43300000000001 
-56.68 
-49.963 
-51.81679999999999 
48.886 
-53.42299999999999 
-50.185 
-48.362 
-55.07899999999999 
-30.754 
33.855000000000004 
33.641000000000005 
-49.664 
49.032 
34.27 
-49.168 
33.892 
34.251 
-30.406 
-53.80799999999999 
-52.027 
-52.36199999999999 
-53.355000000000004 
-50.411 
34.982 
-49.515 
-50.171 
48.733000000000004 
34.397 
33.344 
-50.701 
-55.32500000000002 
34.163 
-49.75 
49.221 
49.236 
-50.061 
48.97 
33.480000000000004 
32.77 
-52.861000000000004 
48.172000000000004 
49.466 
-51.073 
33.517 
-49.182 
48.545 
-29.783 
33.10900000000001 
48.31 
-52.288999999999994 
-52.053999999999995 
-50.061 
49.034 
-51.971999999999994 
33.732 
49.314 
-49.597 
49.336999999999996 
-49.998 
49.469 
-53.35099999999999 
49.336 
-49.977 
49.449 
-51.690999999999995 
-56.760999999999996 
-50.329 
34.149 
49.232 
-50.741 
34.292 
-50.75 
-56.86100000000002 
-51.147999999999996 
33.937 
-30.432000000000002 
-49.225 
-53.736999999999995 
-50.718 
-50.578 
-52.40209999999999 
-50.448 
33.273 
49.449 
-50.992 
33.541000000000004 
33.851 
33.318000000000005 
49.449 
-52.959999999999994 
-50.587 
33.075 
-50.852 
-50.409 
33.92 
-52.072599999999994 
-50.55 
-49.402 
34.496 
-54.00100000000002 
34.748 
48.892 
33.927 
33.889 
34.18 
-54.05800000000001 
49.381 
-52.002599999999994 
-50.921 
33.706 
49.683 
48.32900000000001 
-48.517 
32.88700000000001 
-48.814 
-49.226 
34.053 
48.928 
33.892 
-55.97100000000001 
49.604 
-30.986 
34.07 
-52.225 
49.546 
49.352 
34.754 
34.185 
50.226 
-51.074 
32.84100000000001 
34.159 
-54.58000000000002 
-50.941 
-50.737 
-50.692 
33.24700000000001 
34.021 
34.216 
33.415000000000006 
34.013 
49.02 
33.529 
-50.252 
-49.97 
48.796 
34.137 
-50.326 
-51.91139999999999 
34.013 
33.724000000000004 
49.371 
-54.97800000000003 
-51.55299999999999 
34.67 
-51.69199999999999 
34.459 
32.717000000000006 
-30.293 
-51.065 
34.26 
34.034 
34.314 
34.394 
-50.031 
33.401 
-50.638 
33.212 
-51.363 
-49.467999999999996 
-50.934999999999995 
33.944 
-54.37900000000001 
-50.008 
-49.917 
49.361 
34.064 
49.291 
34.502 
33.32900000000001 
-49.98 
-52.96599999999999 
-51.2615 
-54.095000000000006 
-50.805 
33.800000000000004 
-64.37399999999994 
49.519 
-52.86899999999999 
48.964999999999996 
33.79 
48.637 
33.63 
-49.69 
34.584 
49.256 
-50.164 
48.819 
-52.20799999999999 
-51.199 
-50.194 
49.813 
49.448 
34.211 
34.232 
49.499 
-50.06 
33.910000000000004 
33.556000000000004 
-53.88099999999999 
34.24 
33.755 
48.521 
-57.084 
49.447 
-49.738 
50.016 
49.291 
-50.953 
34.039 
33.287000000000006 
-51.157 
33.801 
49.243 
-54.13800000000003 
-51.340999999999994 
34.221 
48.435 
-50.392 
33.093 
34.092999999999996 
33.953 
-51.105999999999995 
49.386 
-50.469 
-50.171 
33.03200000000001 
-54.176 
34.441 
34.506 
-49.383 
33.718 
-30.913 
33.399 
33.606 
34.33 
48.95 
-50.436 
34.391 
-52.19499999999999 
33.647000000000006 
33.944 
-50.789 
-50.95 
-51.488499999999995 
-29.723 
33.771 
33.938 
-55.86900000000003 
-30.641000000000002 
33.901 
-31.293 
-49.679 
-50.019 
-50.469 
34.507 
33.528000000000006 
-50.224000000000004 
49.301 
-50.153 
-50.632 
33.993 
47.959 
49.256 
-50.004 
34.254 
49.254 
-50.612399999999994 
33.966 
-51.025 
49.744 
-48.823 
47.824999999999996 
32.94500000000001 
33.966 
34.235 
33.898 
-48.905 
34.003 
-50.5 
-50.615 
34.047 
-50.317 
33.977 
33.567 
49.052 
-30.336 
34.835 
33.812 
33.132000000000005 
-52.87099999999999 
-51.148999999999994 
49.381 
33.14800000000001 
49.008 
-51.278 
-50.635 
-54.33900000000001 
34.561 
-50.076 
-53.855999999999995 
48.574000000000005 
49.219 
-29.99 
49.138999999999996 
-50.854 
49.319 
49.208999999999996 
-52.792599999999986 
48.496 
-50.853 
-49.84 
49.058 
34.009 
34.489 
-50.065 
-50.0 
-49.195 
-50.607 
33.919 
49.457 
34.285 
34.217999999999996 
32.793000000000006 
34.751 
35.1 
-48.701 
-53.062400000000004 
33.697 
32.68700000000001 
-48.496 
33.776 
-49.75 
-51.2271 
-30.75 
49.245 
48.769 
34.311 
-55.419 
-50.096 
34.471 
49.341 
-30.529 
48.974 
33.938 
48.849000000000004 
34.362 
34.374 
34.246 
-51.79099999999999 
-50.095 
48.642 
33.287000000000006 
47.687999999999995 
49.237 
-30.018 
34.037 
49.902 
-52.223700000000015 
34.106 
33.673 
34.386 
34.128 
33.823 
33.961 
-55.91550000000004 
49.595 
33.379000000000005 
-51.882999999999996 
-50.481 
-50.529 
49.171 
33.300000000000004 
-49.489 
34.342 
-52.503 
48.39000000000001 
49.508 
-30.545 
49.883 
-30.597 
-49.52 
34.037 
-50.301 
49.413 
33.349000000000004 
49.776 
34.111 
33.444 
34.464 
33.041000000000004 
-55.608999999999995 
49.735 
49.01 
-49.035 
33.668 
33.884 
49.4 
-56.32700000000001 
33.221000000000004 
-30.515 
-49.64 
-55.52699999999999 
-48.435 
48.966 
-50.508 
-50.524 
-52.985200000000006 
34.589999999999996 
34.1 
34.214999999999996 
-49.446999999999996 
-31.006 
33.651 
33.668000000000006 
34.242 
49.509 
33.601 
-50.265 
-48.824 
33.581 
-54.825 
48.245000000000005 
-50.981 
-50.034 
34.206 
34.194 
-52.32299999999999 
-29.576 
49.486 
-50.52 
49.477 
-55.62430000000006 
-50.364 
-50.068 
-50.738 
-58.52199999999996 
33.446000000000005 
-51.673399999999994 
-49.831 
-51.1623 
-52.444 
34.836 
-50.518 
49.186 
49.687 
33.540000000000006 
34.411 
-54.24600000000001 
-50.671 
-48.942 
34.086999999999996 
34.024 
34.438 
33.300000000000004 
-48.76 
49.266 
49.363 
34.068 
-49.058 
-50.167 
32.819 
34.071 
33.777 
33.273 
-49.858 
-50.235 
-49.809 
-50.52 
33.708 
34.713 
-50.232 
-29.982 
49.472 
34.095 
34.083999999999996 
-50.443 
-52.08320000000001 
34.014 
-48.32 
-49.64 
-49.771 
49.52 
33.595000000000006 
-50.943 
34.054 
33.00600000000001 
49.391 
-50.002 
-49.57 
34.247 
-50.625 
33.423 
33.632000000000005 
-49.781 
34.164 
-50.267 
49.073 
49.196 
-51.028 
-52.1974 
33.400000000000006 
33.537000000000006 
49.328 
49.511 
49.707 
49.322 
-49.975 
34.217 
-52.989000000000004 
33.35 
49.445 
49.497 
34.419 
-50.538000000000004 
-51.125 
-53.39380000000002 
47.81300000000001 
-50.628 
-50.583 
-50.305 
34.479 
-50.29 
33.693 
-47.55600000000001 
34.269 
-50.729 
34.582 
33.28600000000001 
34.408 
-50.4 
-48.727000000000004 
-51.470499999999994 
-53.75100000000001 
35.106 
48.83 
-50.703 
49.354 
-52.3335 
-50.672 
49.278999999999996 
-52.73320000000001 
-50.764 
-52.722300000000004 
34.704 
33.498000000000005 
49.31 
33.533 
-49.979 
34.083 
49.51 
-51.556 
-50.48 
34.515 
-52.17550000000001 
34.659 
49.428 
49.028999999999996 
49.365 
-50.588 
-49.986 
-50.556 
33.435 
-52.222200000000015 
49.044 
34.057 
49.317 
49.268 
49.347 
-51.096 
33.926 
33.181000000000004 
49.385 
-31.113 
-31.063000000000002 
34.266999999999996 
34.010999999999996 
-51.532599999999995 
33.386 
34.576 
33.306000000000004 
48.330000000000005 
49.211 
33.955 
33.72 
33.48800000000001 
49.417 
34.144 
34.122 
-50.466 
49.272 
33.408 
34.392 
33.03600000000001 
-52.74860000000001 
48.548 
-50.385 
-50.732 
49.458 
49.476 
33.031000000000006 
-54.90659999999999 
34.095 
49.184 
48.92 
34.422 
48.517 
-50.639 
-51.547 
34.141999999999996 
-48.915 
49.385 
-51.166999999999994 
33.832 
50.127 
34.362 
-51.068999999999996 
33.646 
34.009 
-30.375 
49.043 
49.236 
-50.501 
49.45 
34.195 
33.461000000000006 
34.278 
-49.184 
48.747 
-50.499 
-50.995 
34.278 
34.537 
34.045 
49.451 
-51.476 
34.794 
34.316 
-46.13200000000001 
33.15500000000001 
34.831 
33.20700000000001 
-50.306 
34.396 
48.413000000000004 
49.336 
34.269 
-50.996 
-50.474000000000004 
-53.037000000000006 
48.904 
-48.9 
34.359 
33.781 
49.513 
34.487 
33.30800000000001 
49.467 
49.574 
-49.72 
33.139 
-51.907 
-50.928 
-50.127 
33.784 
33.54900000000001 
49.422 
49.883 
33.12100000000001 
34.514 
-50.58 
33.793 
49.274 
-55.85999999999999 
-50.573 
49.443 
48.769000000000005 
49.338 
49.403999999999996 
34.113 
47.64 
34.617 
34.453 
34.309 
49.373 
-49.377 
33.551 
34.456 
49.082 
-29.387 
49.463 
-50.738 
-31.409999999999997 
33.778 
34.986 
34.080999999999996 
33.806 
48.705 
-50.176 
-51.979 
49.342999999999996 
48.797000000000004 
49.225 
-51.251999999999995 
-51.8088 
-49.514 
49.419 
34.488 
48.634 
-50.989000000000004 
-50.62 
33.942 
34.269 
34.083999999999996 
34.252 
-47.12300000000001 
-50.012 
49.055 
34.423 
33.04900000000001 
34.333 
49.125 
34.22 
49.319 
49.422 
49.219 
49.408 
34.204 
-52.183499999999995 
-50.408 
-50.792 
-30.05 
-50.4 
33.5 
-50.183 
49.214 
34.253 
-30.264 
-50.951 
34.243 
33.612 
49.474 
49.934 
-50.946 
49.319 
33.402 
34.042 
33.098000000000006 
48.993 
34.311 
49.314 
33.827 
49.28 
49.335 
48.838 
50.118 
-51.8727 
48.794000000000004 
34.004 
34.365 
34.539 
34.135 
-50.43 
34.002 
-50.221000000000004 
49.601 
-52.906 
34.482 
-48.984 
33.20100000000001 
49.813 
34.063 
34.7 
49.196 
34.587 
34.138999999999996 
49.664 
-51.437 
-50.459 
33.267 
33.653000000000006 
34.059 
-46.659000000000006 
34.982 
34.473 
-51.29299999999999 
33.526 
49.612 
-49.579 
49.321 
34.572 
49.447 
-30.115 
34.166 
34.245 
33.954 
-54.254000000000026 
34.531 
34.217999999999996 
48.951 
48.617000000000004 
32.626000000000005 
32.501000000000005 
-49.912 
49.296 
48.519000000000005 
34.513 
49.535 
34.351 
34.438 
34.115 
49.272 
49.662 
33.99 
49.309 
49.307 
49.105 
33.142 
49.119 
-47.110000000000035 
-52.71300000000001 
49.632 
33.20100000000001 
49.204 
-51.416 
49.493 
-51.806999999999995 
49.173 
34.224 
33.36600000000001 
49.429 
33.896 
49.311 
49.447 
-49.807 
-53.7 
34.418 
49.314 
49.504 
49.264 
33.828 
-51.269 
49.464999999999996 
34.928 
49.617 
49.388 
34.295 
49.104 
-49.433 
34.592 
34.719 
34.203 
-51.5851 
49.176 
34.495 
-53.26890000000001 
-49.918 
34.471 
34.517 
33.478 
34.283 
-30.488 
33.82 
49.574 
49.328 
-49.835 
34.418 
33.791000000000004 
34.237 
33.902 
49.374 
-29.869 
34.038 
49.392 
33.942 
34.29 
-50.511 
34.306 
34.268 
49.266 
49.405 
-50.112 
35.329 
34.717999999999996 
33.902 
-50.346000000000004 
-50.62 
33.571000000000005 
33.96 
49.633 
34.511 
49.297 
34.54 
49.591 
33.510000000000005 
49.424 
-30.183 
-51.013 
-52.214999999999996 
49.432 
-50.415 
34.384 
-50.632 
49.271 
49.256 
-52.68299999999999 
33.472 
33.713 
33.81 
-49.664 
49.573 
-51.54 
34.752 
-50.52 
34.346 
49.356 
-52.81060000000001 
33.596000000000004 
-50.129 
-50.251 
33.983000000000004 
49.617 
34.311 
-30.543 
-50.168 
-30.78 
-51.54259999999999 
34.612 
33.903 
-50.448 
49.481 
-52.889900000000004 
34.584 
33.84 
49.376 
49.379 
34.161 
33.716 
-50.042 
33.291000000000004 
49.308 
-51.894999999999996 
49.308 
34.068 
49.655 
49.342999999999996 
-50.482 
33.887 
-29.786 
49.515 
49.589999999999996 
33.864000000000004 
-49.263 
-50.21 
49.451 
34.344 
-51.69489999999999 
49.656 
34.326 
34.403 
34.634 
49.083 
-50.953 
49.011 
-50.328 
34.221 
49.299 
34.482 
33.788000000000004 
33.903 
49.24 
49.141999999999996 
-53.70499999999999 
-29.593 
50.35 
49.416 
-50.498 
-50.627 
49.254 
49.199 
-51.358999999999995 
33.965 
-50.344 
49.314 
33.77 
-51.042 
49.428 
-30.053 
-50.099 
34.125 
49.505 
50.082 
34.617 
49.255 
49.021 
34.089999999999996 
49.327 
49.071 
34.535 
33.99 
49.444 
49.608 
35.078 
34.357 
34.114 
-30.774 
49.347 
49.32 
-50.317 
49.5 
49.257 
49.719 
49.272 
49.106 
49.525 
33.406000000000006 
34.491 
33.815 
34.626 
34.162 
49.981 
-50.269 
34.423 
33.377 
34.487 
49.767 
49.52 
-50.006 
34.028999999999996 
49.189 
-30.808 
33.391000000000005 
49.298 
-50.376 
34.066 
49.407 
49.981 
49.764 
48.847 
34.631 
49.193 
34.241 
49.638 
49.498 
33.748000000000005 
33.994 
48.948 
-52.184 
-51.60959999999999 
49.066 
33.966 
34.691 
49.342999999999996 
34.494 
33.15800000000001 
35.054 
34.051 
34.457 
-50.353 
49.312 
-50.316 
-52.76180000000002 
49.13 
-30.652 
33.991 
-52.0368 
-50.727000000000004 
49.506 
-50.44 
49.565 
48.095000000000006 
34.826 
33.776 
-53.330999999999996 
-50.636 
33.582 
49.185 
49.574 
34.193 
34.013999999999996 
49.271 
-53.047000000000004 
49.69 
-50.792 
-30.0 
34.379 
34.342 
33.562000000000005 
33.048 
49.553 
49.27 
34.302 
-30.408 
49.371 
-51.193 
34.048 
34.606 
49.163 
34.464 
49.503 
-50.502 
34.438 
49.453 
33.258 
49.283 
34.36 
34.425 
49.389 
34.182 
33.913 
34.246 
49.522999999999996 
34.681 
49.112 
34.372 
33.989 
34.3 
34.209 
49.388 
34.394 
49.131 
49.416 
49.007 
49.791 
33.834 
-49.698 
33.514 
33.909 
34.388 
49.448 
-50.609 
49.493 
34.104 
-49.975 
34.238 
49.384 
49.065 
34.318 
34.962 
49.745 
50.095 
33.462 
49.493 
49.259 
49.711 
49.491 
49.29 
49.42 
49.901 
-50.529 
34.271 
-50.418 
34.266 
34.135 
49.989 
34.764 
34.061 
-31.025000000000002 
49.387 
49.505 
48.671 
-50.383 
-50.658 
49.608 
49.336999999999996 
48.988 
49.419 
34.873 
49.33 
34.482 
49.79 
49.272 
-29.821 
-51.528999999999996 
-52.46359999999999 
48.828 
-50.354 
34.322 
-29.463 
49.266 
-50.346 
-50.445 
-50.57 
49.235 
49.43 
-50.833 
49.683 
49.589 
-49.684 
34.278999999999996 
34.456 
-30.294 
49.105 
34.645 
34.164 
49.171 
33.00800000000001 
49.479 
34.07 
49.444 
-50.302 
-50.243 
34.408 
49.238 
49.269 
-50.203 
33.653000000000006 
-52.75300000000001 
-52.61800000000001 
49.345 
34.426 
33.952 
-50.773 
49.489 
49.044 
-29.734 
-50.464 
50.305 
49.935 
49.543 
49.126 
49.502 
49.676 
48.921 
48.997 
-50.12 
49.542 
49.091 
-50.427 
34.764 
-50.717 
34.519 
34.174 
48.796 
49.45 
-50.538000000000004 
-52.812000000000005 
-30.631 
49.367 
33.32900000000001 
34.161 
33.884 
34.115 
49.263 
-50.246 
-50.422 
33.16400000000001 
49.669 
34.26 
34.396 
49.563 
33.698 
49.516 
34.186 
49.034 
49.485 
34.927 
49.17 
33.736000000000004 
49.621 
33.762 
50.408 
34.076 
32.924 
-50.033 
34.283 
49.244 
-49.872 
34.399 
-49.592 
49.528999999999996 
33.802 
34.1 
35.141 
49.567 
48.823 
49.425 
34.650999999999996 
49.292 
49.467 
49.372 
-50.323 
49.39 
49.997 
49.501 
34.128 
-50.37 
48.833 
34.239 
34.696 
49.294 
49.399 
49.352 
34.153 
33.744 
49.358 
48.864 
49.672 
34.478 
49.527 
34.435 
48.784 
34.327999999999996 
-51.65719999999999 
-51.137 
33.578 
34.304 
49.695 
49.339999999999996 
49.368 
49.283 
49.144 
34.454 
34.077 
49.226 
49.262 
33.867000000000004 
-52.70300000000002 
34.394 
49.617 
34.074 
-50.185 
49.929 
49.617 
33.267 
34.598 
-50.053 
49.185 
49.642 
33.817 
-50.665 
-50.443 
-51.45029999999999 
33.592000000000006 
33.676 
-50.121 
-50.337 
49.271 
33.545 
-30.397 
48.907000000000004 
49.785 
-50.137 
49.196 
34.283 
49.643 
49.535 
33.989 
-50.321 
33.938 
49.643 
49.685 
49.31 
34.268 
34.567 
-50.221 
-30.23 
34.35 
34.216 
49.565 
49.143 
49.245 
34.017 
33.45400000000001 
-31.17 
-51.43299999999999 
-51.666999999999994 
49.392 
49.622 
49.235 
49.633 
50.191 
49.548 
49.147999999999996 
34.553 
50.061 
50.309 
-30.7 
-50.035 
34.389 
34.388 
34.153 
48.914 
33.658 
34.296 
-51.134 
49.041 
49.055 
-49.868 
49.52 
-49.63 
49.349 
49.304 
34.264 
34.278 
34.311 
34.456 
49.364 
34.254 
49.935 
35.165 
34.679 
49.725 
-50.228 
49.502 
34.776 
34.057 
-50.104 
-50.369 
34.012 
34.322 
-30.163 
34.062 
-52.238200000000006 
-50.459 
-51.358999999999995 
50.043 
49.449 
-53.207 
49.499 
-48.289 
34.556 
49.52 
49.293 
-51.391999999999996 
49.483 
49.499 
34.179 
34.19 
49.567 
-49.828 
-29.721 
34.363 
34.699 
-50.356 
34.363 
33.857 
49.477 
34.181 
-30.812 
33.919 
-50.371 
-49.568 
-30.243 
49.426 
34.114 
34.467 
34.489 
49.469 
-30.214 
-52.407999999999994 
49.467999999999996 
34.301 
-50.517 
49.734 
-30.374 
-50.116 
49.186 
34.136 
50.169 
34.318 
49.625 
34.621 
34.032 
-50.195 
33.607 
49.333 
-31.104 
49.522999999999996 
33.885 
33.39000000000001 
-30.598 
34.031 
49.685 
34.868 
50.07 
49.277 
34.657 
49.219 
34.294 
34.677 
49.374 
34.111 
-50.956 
49.392 
34.208 
49.486 
-50.531 
-50.297 
34.355 
49.513 
34.167 
50.114 
49.423 
33.357000000000006 
49.812 
34.451 
50.16 
34.856 
49.338 
34.592 
33.975 
49.643 
33.345000000000006 
49.373 
49.826 
34.157 
49.075 
35.294 
33.812 
49.416 
49.265 
-31.061 
-50.15 
50.641 
33.703 
49.719 
34.336 
34.333999999999996 
33.12200000000001 
-50.193 
49.205999999999996 
34.479 
34.942 
34.283 
-51.95899999999999 
49.41 
34.522999999999996 
33.951 
-50.133 
49.393 
-49.918 
34.635 
49.636 
49.631 
49.033 
34.213 
-50.742 
34.874 
33.887 
-50.693 
49.515 
34.484 
49.794 
49.853 
-50.147 
33.892 
34.168 
-50.953 
-30.31 
49.208 
49.18 
49.575 
33.98 
49.365 
-49.944 
34.442 
49.476 
34.024 
-50.403 
49.377 
34.278999999999996 
49.324 
48.870000000000005 
34.094 
-50.649 
34.287 
49.427 
34.283 
33.92 
49.447 
-31.047 
49.548 
49.461 
49.785 
49.448 
49.6 
49.741 
49.546 
34.637 
34.739 
49.342 
-50.567 
49.41 
34.94 
34.808 
49.568 
33.868 
49.492 
-29.797 
33.894 
33.617000000000004 
-50.925 
35.161 
48.79 
-29.708 
34.229 
49.328 
49.347 
34.028 
-50.226 
-50.193 
34.618 
33.754000000000005 
49.676 
34.774 
-50.89 
34.498 
49.496 
34.432 
49.602 
49.373 
49.768 
33.325 
-50.283 
34.672 
34.87 
34.52 
48.948 
33.93 
34.467999999999996 
34.512 
33.887 
49.516 
34.121 
49.836 
49.555 
49.332 
-50.145 
-50.562 
-50.083 
34.074 
-52.168 
-29.946 
34.629 
35.163 
34.237 
-50.442 
49.492 
49.708 
-52.564 
49.626 
49.653 
34.044 
49.573 
49.375 
-52.0587 
33.64 
34.101 
34.195 
-50.011 
48.995 
32.73500000000001 
34.905 
-30.564 
49.717 
49.631 
48.730000000000004 
49.249 
50.409 
34.725 
49.275999999999996 
49.706 
34.552 
33.959 
-50.322 
49.135 
35.033 
-29.409 
50.405 
-50.466 
50.028 
34.868 
49.469 
49.985 
49.878 
34.52 
49.576 
50.07 
49.645 
34.568 
49.74 
-49.891 
34.289 
49.336999999999996 
34.993 
49.469 
34.072 
34.556 
49.483 
49.425 
49.196 
-50.369 
49.783 
49.494 
34.155 
-50.345 
49.723 
49.614 
49.992 
34.138 
49.45 
-49.866 
49.486 
49.446 
35.085 
-30.830000000000002 
49.987 
49.487 
49.332 
49.671 
-50.463 
49.353 
34.347 
49.528999999999996 
50.064 
49.893 
-51.589999999999996 
49.531 
-50.186 
49.507 
50.236 
34.602 
34.364 
49.331 
33.871 
34.633 
49.542 
-50.829 
49.339999999999996 
49.56 
-50.481 
34.445 
49.256 
34.661 
34.067 
49.174 
49.506 
49.425 
34.017 
34.492 
49.092999999999996 
49.364 
49.899 
-51.483 
49.725 
49.361 
49.662 
49.222 
48.407000000000004 
34.248 
34.268 
-51.714999999999996 
49.855 
49.909 
49.537 
34.356 
34.493 
48.986 
33.655 
34.204 
34.497 
49.667 
48.842 
49.423 
49.714 
49.375 
33.884 
33.409000000000006 
49.483 
49.353 
49.665 
-50.416 
49.438 
49.447 
34.071 
34.272999999999996 
34.574 
49.572 
49.388 
33.647 
34.258 
35.065 
49.336 
49.47 
49.455 
34.536 
49.449 
33.626000000000005 
34.536 
49.941 
33.94 
-50.143 
49.335 
49.574 
-50.0 
34.24 
34.574 
34.413 
49.217 
49.446 
-50.815 
49.354 
33.711 
34.936 
49.729 
50.035 
34.509 
-50.116 
34.372 
-51.08 
49.589999999999996 
49.074 
49.714 
34.774 
49.996 
49.059 
-50.466 
34.031 
34.674 
49.282 
-50.175 
34.409 
-49.93 
34.747 
49.492 
49.368 
49.886 
34.195 
34.559 
49.4 
34.287 
49.892 
-50.173 
49.382 
33.967 
49.388 
-52.090999999999994 
34.788 
49.341 
49.36 
35.337 
-30.113 
49.339 
-50.09 
33.718 
-50.494 
49.922 
49.65 
49.62 
49.41 
49.897 
34.373 
49.46 
34.641 
49.469 
49.396 
49.634 
34.652 
34.711 
49.662 
49.4 
49.591 
49.717999999999996 
49.444 
49.525999999999996 
34.555 
35.177 
49.256 
49.606 
49.665 
49.604 
-50.222 
49.537 
49.515 
49.185 
49.476 
49.396 
49.37 
34.325 
48.21300000000001 
34.469 
-50.366 
49.725 
49.116 
49.604 
49.881 
34.083 
49.499 
34.743 
49.476 
49.2 
33.689 
34.317 
49.322 
-50.592 
49.548 
33.86 
49.728 
-51.053 
49.421 
34.577 
49.736 
48.787 
49.229 
-50.32 
49.516 
34.153999999999996 
34.495 
49.907 
49.262 
49.254 
49.629 
34.161 
49.485 
34.196 
34.071 
-50.305 
49.457 
34.010999999999996 
49.216 
34.181 
34.938 
49.42 
49.113 
49.4 
49.485 
34.865 
49.495 
49.775 
34.39 
49.653999999999996 
49.183 
34.409 
34.894 
33.867 
-50.275 
34.918 
49.302 
34.44 
34.646 
49.476 
34.357 
49.692 
34.349 
49.831 
34.458 
49.594 
34.403999999999996 
49.373 
49.302 
34.675 
49.448 
49.656 
49.592999999999996 
34.297 
49.414 
34.51 
33.431000000000004 
49.348 
-50.512 
49.464999999999996 
-50.377 
49.372 
-50.293 
49.459 
34.705 
49.412 
34.328 
-30.404 
34.979 
49.355 
49.488 
33.531000000000006 
34.377 
49.378 
49.466 
49.42 
49.522999999999996 
49.286 
49.439 
34.443 
49.821 
34.307 
33.959 
34.005 
49.286 
34.663 
49.367 
48.871 
34.342 
34.03 
34.417 
34.829 
49.269999999999996 
-49.834 
34.397999999999996 
49.453 
-50.325 
-51.412 
49.381 
49.32 
49.329 
34.397 
49.292 
49.275999999999996 
34.716 
34.339 
49.333999999999996 
34.879 
50.005 
49.479 
-50.194 
49.331 
34.926 
34.848 
34.38 
34.445 
-50.356 
34.793 
49.477 
33.866 
49.01 
-50.57 
34.463 
34.47 
34.411 
34.061 
-50.498 
49.594 
49.451 
49.387 
49.241 
49.86 
49.597 
33.82 
49.391 
34.845 
49.339 
34.431 
49.851 
49.291 
49.381 
-50.507 
34.52 
49.344 
34.07 
49.495 
49.573 
49.407 
49.596 
49.47 
49.518 
34.694 
49.488 
34.174 
49.22 
-50.551 
49.345 
49.456 
49.214 
34.339999999999996 
35.083 
34.187 
49.511 
48.821 
49.241 
50.071 
49.579 
34.818 
49.784 
-50.511 
49.644 
49.386 
49.444 
34.428 
49.585 
34.559 
49.52 
49.823 
34.644 
34.265 
49.495 
49.671 
34.864 
34.153999999999996 
34.53 
49.426 
34.999 
34.225 
49.247 
49.461999999999996 
49.473 
49.542 
33.799 
34.664 
34.482 
-50.485 
33.936 
49.41 
34.438 
49.256 
34.851 
-50.451 
49.497 
34.724 
34.399 
34.434 
49.771 
34.619 
34.721 
34.655 
49.461 
49.365 
48.42400000000001 
49.262 
34.251 
34.955 
34.349 
34.558 
49.266999999999996 
49.252 
34.673 
49.906 
49.485 
34.368 
49.524 
49.37 
33.891 
34.389 
49.501 
49.0 
49.494 
34.345 
49.582 
48.976 
34.698 
49.105 
-50.45 
49.848 
49.308 
49.48 
-50.2 
49.259 
49.272999999999996 
-50.321 
33.81 
34.162 
34.171 
49.957 
33.612 
34.413 
49.583 
34.311 
34.518 
34.096 
34.213 
49.514 
49.504 
49.373 
49.475 
49.287 
49.078 
49.944 
49.285 
49.403999999999996 
49.463 
49.305 
49.713 
49.344 
49.317 
-50.606 
33.85 
34.025999999999996 
49.197 
34.048 
49.458 
49.385 
48.727000000000004 
-49.937 
49.518 
49.318 
34.562 
49.447 
49.166 
49.706 
49.451 
49.44 
-50.717 
49.397999999999996 
-50.632 
-52.87590000000001 
49.415 
49.203 
49.415 
49.714 
34.16 
34.241 
49.363 
32.732000000000006 
-50.416 
49.926 
49.448 
49.383 
49.262 
34.222 
33.967999999999996 
49.511 
-50.031 
49.412 
34.172 
49.381 
49.458 
34.11 
34.252 
34.754 
49.532 
49.507 
49.938 
49.741 
49.669 
34.173 
49.991 
49.789 
49.408 
49.742 
-49.81 
34.137 
33.775 
50.229 
49.195 
34.602 
34.092999999999996 
49.643 
34.313 
-50.428 
-50.713 
49.375 
49.516 
34.293 
49.381 
49.689 
-50.708 
49.414 
49.497 
49.568 
49.592999999999996 
34.579 
49.487 
49.774 
-50.574 
49.921 
34.237 
49.341 
49.461 
49.993 
49.553 
49.944 
34.375 
49.576 
49.475 
49.614 
49.466 
34.66 
49.626 
34.372 
49.421 
34.135 
49.402 
49.666 
34.462 
34.305 
49.481 
49.315 
49.135 
49.48 
34.036 
34.492 
49.698 
49.393 
49.737 
49.237 
34.77 
49.558 
49.601 
-49.723 
34.339999999999996 
49.339999999999996 
34.51 
34.32 
49.872 
34.392 
-49.378 
49.476 
49.262 
49.305 
49.795 
49.364 
-50.676 
49.445 
34.307 
34.188 
-50.352 
34.618 
49.342999999999996 
49.717 
49.464 
49.246 
49.4 
-50.168 
33.892 
34.896 
49.554 
49.211 
49.479 
34.534 
34.519 
34.066 
-30.322 
50.067 
34.355 
49.519 
49.726 
34.353 
49.57 
49.522 
-50.383 
49.181 
-50.09 
34.091 
49.303 
49.259 
-30.629 
48.959 
49.153 
49.341 
49.379 
49.239 
49.414 
34.51 
49.293 
34.359 
34.258 
34.433 
49.793 
49.972 
34.2 
34.203 
-50.639 
49.407 
34.376 
49.658 
34.608 
34.311 
34.166 
49.656 
49.416 
49.491 
34.150999999999996 
49.639 
34.539 
49.42 
49.172 
49.157 
34.584 
49.519 
34.672 
50.05 
34.563 
34.56 
34.168 
49.774 
49.413 
49.187 
49.127 
49.755 
34.184 
34.966 
49.409 
34.441 
-50.614 
34.901 
49.558 
33.961 
49.434 
49.303 
49.508 
49.365 
49.295 
34.06 
34.108 
49.414 
49.4 
49.016999999999996 
49.829 
49.42 
49.706 
49.522999999999996 
49.23 
34.646 
34.256 
49.409 
-50.291 
49.435 
34.41 
49.748 
49.36 
34.478 
-50.654 
49.344 
49.431 
49.354 
50.234 
34.295 
34.46 
34.81 
34.782 
49.522 
49.5 
34.341 
49.554 
49.492 
34.482 
34.589999999999996 
34.405 
49.258 
49.5 
49.64 
34.448 
34.369 
49.539 
49.587 
49.433 
34.303 
49.383 
34.451 
49.247 
49.334 
49.433 
49.446 
34.48 
49.482 
-50.591 
49.138 
49.929 
34.423 
34.387 
49.274 
34.22 
34.016999999999996 
-50.602000000000004 
-50.579 
34.83 
49.336 
49.419 
34.143 
49.457 
34.525 
34.292 
34.415 
49.252 
49.517 
49.813 
49.949 
49.793 
49.494 
49.564 
34.137 
49.321 
34.341 
49.265 
49.86 
-50.454 
34.242 
-50.407000000000004 
49.491 
35.087 
49.433 
49.245 
34.157 
49.555 
49.637 
49.445 
49.685 
49.35 
49.335 
34.577 
34.344 
34.831 
49.356 
49.601 
49.592 
49.458 
49.373 
34.532 
49.637 
50.241 
34.089999999999996 
34.013999999999996 
34.268 
49.959 
49.386 
34.246 
49.391 
49.531 
49.116 
49.405 
49.525999999999996 
49.2 
49.389 
50.16 
34.457 
-50.145 
48.698 
49.502 
49.322 
49.732 
49.228 
49.24 
49.376 
49.453 
49.676 
49.32 
34.511 
-50.562 
49.385 
49.323 
49.515 
49.348 
49.832 
49.335 
49.328 
49.193 
49.375 
34.217999999999996 
49.73 
49.328 
49.388 
49.422 
49.636 
34.41 
49.208 
49.605 
34.403 
-49.778 
49.382 
49.407 
34.665 
34.222 
49.409 
33.893 
49.257 
49.566 
49.092 
34.52 
49.339999999999996 
49.299 
-50.518 
49.572 
34.449 
49.278999999999996 
49.507 
34.027 
49.481 
49.339999999999996 
-50.607 
49.5 
49.637 
49.775 
49.505 
34.44 
49.376 
34.606 
49.499 
49.291 
34.354 
34.842 
49.387 
33.885 
34.23 
49.3 
49.492 
49.371 
49.583 
49.38 
49.403 
49.297 
49.384 
34.284 
34.349 
49.478 
49.897 
34.393 
49.702 
49.591 
49.375 
49.394 
49.315 
34.689 
34.532 
-49.888 
49.489 
49.588 
-49.975 
49.538 
49.501 
49.951 
34.297 
49.403 
49.777 
49.266999999999996 
49.416 
34.374 
49.6 
34.041 
34.527 
49.411 
34.657 
49.639 
34.253 
34.67 
49.633 
34.392 
33.938 
49.328 
49.372 
35.016 
34.743 
33.809 
49.211999999999996 
34.335 
49.189 
49.669 
49.326 
49.639 
49.434 
49.695 
34.576 
49.82 
49.329 
49.387 
34.17 
49.3 
-30.446 
49.534 
34.481 
49.198 
34.405 
49.192 
-48.758 
49.296 
49.494 
34.308 
-50.155 
-50.656 
34.313 
49.37 
34.457 
49.394 
49.231 
34.427 
49.403 
49.326 
49.619 
49.32 
-50.45 
49.68 
49.296 
34.203 
-49.763 
34.854 
49.364 
49.936 
34.464 
49.463 
49.411 
49.867 
48.905 
34.702 
49.324 
34.4 
49.635 
34.47 
49.968 
49.599 
49.611 
34.535 
49.722 
49.564 
49.687 
49.5 
-50.4 
49.426 
34.324 
49.293 
49.45 
-50.64 
49.347 
34.775 
49.261 
49.685 
49.947 
-30.747 
-50.609 
49.614 
49.464 
49.478 
49.684 
49.213 
34.585 
49.28 
49.405 
34.225 
34.283 
49.262 
34.336999999999996 
-52.534 
49.336999999999996 
49.257 
34.696 
34.402 
49.692 
49.528 
34.484 
49.679 
49.685 
49.329 
34.244 
49.739 
-50.494 
49.255 
34.571 
49.133 
49.368 
49.397999999999996 
34.663 
49.833 
49.443 
49.263 
34.105 
49.332 
34.517 
34.208999999999996 
49.196 
49.614 
49.509 
34.467 
49.422 
49.552 
34.208999999999996 
34.876 
49.414 
34.946 
49.407 
34.105 
49.203 
49.594 
49.305 
50.185 
34.585 
49.358 
49.379 
49.397999999999996 
49.551 
49.519 
34.709 
49.673 
34.998 
49.328 
34.221 
49.735 
34.836 
49.48 
49.426 
49.431 
49.208 
49.807 
34.203 
50.037 
34.739 
49.422 
49.492 
49.933 
49.517 
49.592 
34.485 
49.574 
-50.681 
49.528 
49.364 
49.247 
34.458 
49.619 
34.293 
49.365 
34.208 
49.993 
49.282 
34.615 
-50.544 
49.383 
49.698 
-31.339 
50.059 
49.185 
34.483 
49.25 
49.425 
34.131 
49.167 
49.301 
49.894 
34.653999999999996 
49.961 
49.386 
49.436 
-49.802 
49.592999999999996 
49.335 
49.323 
49.882 
49.6 
49.558 
49.333999999999996 
49.183 
49.282 
49.272999999999996 
49.652 
34.832 
34.612 
49.291 
49.513 
49.524 
-50.396 
49.588 
49.252 
49.499 
-49.977 
49.431 
-50.159 
34.325 
49.518 
49.687 
49.844 
49.29 
49.243 
49.493 
49.638 
49.278999999999996 
49.38 
49.461 
-50.295 
49.373 
-50.72 
49.309 
49.897 
49.372 
49.587 
49.314 
34.36 
34.527 
49.506 
49.953 
34.441 
-50.486 
34.303 
49.629 
49.446 
49.233 
49.641 
-50.544 
34.647 
49.452 
49.898 
49.278 
49.349 
34.394 
-31.047 
34.228 
49.298 
34.777 
49.73 
49.558 
49.39 
49.175 
49.305 
34.799 
49.84 
49.384 
34.675 
34.594 
49.282 
49.182 
49.299 
49.838 
-31.109 
34.648 
49.385 
34.726 
34.763 
49.385 
34.122 
49.554 
49.21 
49.543 
-50.328 
49.346 
34.558 
49.415 
34.496 
49.406 
49.316 
-52.266999999999996 
49.509 
49.365 
49.414 
34.532 
49.356 
49.306 
49.332 
49.528 
49.439 
49.356 
49.506 
49.72 
34.259 
49.803 
49.55 
49.453 
49.387 
34.449 
-50.52 
49.778 
-50.532000000000004 
49.777 
-50.795 
49.348 
34.238 
49.347 
-50.588 
-50.539 
49.535 
34.91 
34.762 
49.82 
49.52 
49.86 
49.23 
-31.134 
49.606 
49.592 
34.346 
49.466 
49.298 
49.491 
49.323 
49.113 
49.478 
-50.178 
49.635 
49.265 
34.537 
34.261 
49.498 
34.365 
49.457 
49.672 
34.782 
-50.594 
49.382 
34.717999999999996 
34.347 
49.572 
49.383 
34.461 
49.406 
49.369 
34.495 
49.932 
34.696 
34.318 
34.662 
49.445 
49.344 
34.638 
49.492 
49.693 
-50.623 
49.439 
49.705 
-50.518 
49.264 
49.548 
49.402 
34.587 
49.454 
49.182 
34.629 
34.507 
-50.535 
49.376 
49.388 
49.417 
-50.18 
34.517 
49.663 
49.397999999999996 
49.45 
34.513 
50.017 
49.631 
49.399 
49.381 
49.493 
49.597 
49.519 
34.603 
49.883 
49.435 
49.778 
49.371 
49.53 
34.648 
-50.473 
49.415 
49.354 
49.247 
49.578 
-50.812 
34.614 
49.388 
49.926 
34.422 
34.689 
34.325 
49.405 
49.699 
49.298 
49.532 
49.347 
49.183 
34.702 
49.707 
49.312 
49.47 
49.445 
49.672 
49.37 
34.733 
-50.492 
49.878 
49.791 
49.352 
49.245 
49.661 
49.357 
-30.598 
49.554 
34.331 
34.911 
49.841 
49.448 
-49.348 
49.47 
49.85 
49.697 
49.245 
49.669 
34.618 
49.679 
49.444 
49.458 
49.456 
49.291 
49.875 
49.496 
49.67 
49.504 
49.727 
49.706 
49.457 
49.208999999999996 
49.596 
49.536 
34.637 
49.745 
49.537 
49.058 
-50.344 
34.689 
49.587 
34.453 
49.219 
49.58 
-30.923000000000002 
49.781 
34.288 
49.423 
49.322 
49.476 
49.455 
49.403999999999996 
49.46 
49.376 
49.381 
34.328 
49.338 
49.511 
49.438 
-50.245 
49.367 
49.4 
34.49 
34.738 
49.406 
49.632 
49.848 
49.336999999999996 
49.476 
49.376 
49.402 
49.538 
49.259 
49.711 
-50.633 
49.457 
49.449 
49.481 
49.624 
49.39 
49.387 
49.532 
49.478 
49.402 
49.528999999999996 
49.873 
49.762 
49.315 
34.443 
-50.249 
-50.645 
49.448 
49.126 
49.149 
-49.882 
49.601 
49.387 
34.307 
34.717 
49.682 
49.496 
34.412 
34.445 
34.472 
49.69 
49.217999999999996 
34.301 
-50.533 
49.397 
49.46 
49.506 
34.44 
34.345 
-50.518 
34.768 
49.331 
49.431 
49.697 
49.471 
49.338 
34.474 
49.232 
49.644 
34.266 
49.715 
49.383 
49.131 
49.193 
49.517 
49.457 
49.595 
49.996 
49.697 
49.396 
49.35 
34.455 
49.214999999999996 
49.323 
-50.725 
34.197 
49.341 
-50.636 
49.818 
-50.39 
49.68 
-50.53 
49.601 
49.632 
49.476 
34.41 
34.184 
49.323 
49.351 
-50.511 
49.729 
49.211999999999996 
-50.737 
49.266999999999996 
49.424 
34.475 
49.359 
49.692 
49.48 
49.389 
49.836 
49.613 
34.619 
49.333999999999996 
49.411 
49.548 
34.961 
49.466 
-51.175 
49.619 
34.709 
49.932 
34.809 
49.214999999999996 
49.303 
49.278 
49.252 
49.748 
49.408 
34.435 
49.356 
49.400999999999996 
34.655 
-50.45 
49.858 
49.698 
49.197 
49.778 
34.82 
34.358 
-50.696 
49.776 
49.807 
49.5 
49.138 
34.37 
49.773 
49.693 
49.464999999999996 
34.377 
49.128 
49.319 
34.702 
49.756 
49.557 
49.306 
49.872 
49.464999999999996 
-49.912 
49.614 
49.933 
49.548 
34.555 
34.596 
49.333 
-50.499 
49.247 
34.336999999999996 
34.37 
49.464 
49.446 
49.521 
49.378 
49.255 
34.363 
49.596 
34.819 
49.269 
49.435 
49.338 
-50.505 
49.327 
49.229 
49.251 
34.421 
34.305 
49.396 
34.284 
49.22 
49.307 
49.679 
49.592 
49.919 
49.889 
49.421 
49.519 
49.427 
49.414 
49.911 
34.801 
34.592999999999996 
49.117 
-49.728 
34.445 
49.24 
49.298 
49.331 
34.492 
34.434 
34.291 
49.233 
49.972 
50.056 
49.423 
49.202 
49.444 
34.388 
49.246 
49.695 
49.397 
-50.643 
49.246 
49.288 
49.416 
49.352 
49.355 
49.257 
49.453 
34.729 
49.414 
49.506 
49.514 
34.893 
34.566 
49.508 
49.629 
49.444 
49.812 
49.428 
49.388 
49.941 
49.385 
49.592 
34.182 
34.205 
-50.421 
49.514 
49.272999999999996 
49.65 
34.4 
49.467999999999996 
34.525 
49.089999999999996 
-50.567 
49.105 
49.742 
49.387 
49.299 
49.577 
34.916 
49.568 
49.663 
49.715 
49.183 
49.31 
49.624 
49.394 
-50.508 
-50.447 
49.272999999999996 
49.216 
49.618 
34.676 
34.443 
49.441 
-50.284 
34.451 
49.511 
49.191 
49.31 
49.371 
49.541 
49.423 
49.185 
49.349 
49.455 
49.716 
34.183 
49.453 
49.413 
49.244 
49.482 
49.317 
49.327 
49.547 
-50.441 
49.229 
49.316 
34.655 
49.452 
49.496 
49.469 
34.823 
49.098 
49.51 
33.935 
49.263 
49.587 
49.699 
49.211 
49.364 
49.4 
49.516 
49.137 
49.046 
34.506 
49.224 
49.385 
49.457 
49.457 
49.208999999999996 
49.635 
49.988 
49.149 
34.805 
49.147999999999996 
49.379 
-50.471000000000004 
49.266999999999996 
49.385 
49.358 
-50.245 
49.352 
49.381 
49.419 
49.417 
-50.065 
49.169 
-49.551 
49.463 
49.463 
49.915 
49.645 
50.174 
34.365 
49.717999999999996 
49.457 
49.5 
49.574 
49.633 
34.256 
49.355 
34.379 
-50.533 
33.575 
49.324 
34.519 
34.201 
49.195 
-50.572 
-50.499 
34.499 
49.245 
49.448 
49.178 
34.385 
49.363 
49.235 
49.662 
49.551 
49.537 
49.377 
49.599 
49.306 
49.51 
34.571 
34.266 
49.486 
49.994 
49.568 
34.617 
49.386 
49.699 
49.333999999999996 
49.785 
49.316 
34.877 
-50.397 
34.153999999999996 
49.658 
33.661 
49.389 
49.365 
49.412 
49.466 
49.386 
49.456 
49.449 
34.633 
34.277 
34.792 
34.046 
34.627 
49.378 
49.433 
49.737 
49.656 
34.6 
34.44 
34.378 
49.373 
49.447 
49.211999999999996 
34.733 
49.758 
34.923 
49.419 
-50.629 
49.372 
49.403 
49.186 
49.512 
49.24 
49.364 
34.269 
49.429 
34.336 
49.339999999999996 
49.214999999999996 
49.431 
49.403 
49.479 
34.376 
49.138 
50.037 
49.75 
49.357 
49.381 
34.535 
34.179 
49.253 
34.235 
49.847 
49.521 
49.496 
49.747 
-50.618 
34.187 
34.559 
49.968 
49.302 
49.792 
49.565 
49.5 
49.397 
49.837 
49.839 
49.281 
49.255 
49.325 
34.192 
49.376 
49.662 
49.234 
49.533 
49.503 
49.746 
49.743 
-50.508 
49.407 
34.028 
49.228 
49.31 
49.645 
34.246 
-49.751 
49.266 
49.321 
-50.529 
49.435 
49.259 
49.368 
49.592 
49.21 
49.444 
34.391 
49.472 
49.935 
49.483 
49.802 
-49.713 
34.587 
34.385 
34.566 
49.837 
49.427 
49.306 
49.403999999999996 
49.775 
49.123 
50.009 
49.487 
49.606 
49.256 
49.656 
49.829 
49.261 
49.178 
34.425 
49.223 
34.1 
34.302 
49.86 
49.438 
49.272999999999996 
49.463 
49.254 
49.785 
49.365 
34.45 
49.613 
49.147999999999996 
34.884 
49.193 
49.347 
49.652 
-50.708 
49.425 
49.285 
49.458 
49.304 
49.622 
34.26 
49.258 
34.436 
50.039 
49.645 
34.579 
49.985 
49.743 
34.092 
49.867 
49.181 
49.513 
49.331 
49.691 
49.902 
-50.209 
49.35 
34.219 
34.646 
49.356 
49.502 
49.441 
49.258 
49.428 
49.301 
49.476 
49.723 
49.331 
49.399 
49.297 
34.16 
49.449 
49.497 
49.694 
49.433 
34.811 
49.798 
49.308 
49.332 
49.429 
49.738 
49.415 
49.241 
49.859 
34.296 
49.447 
49.723 
-50.568 
34.951 
35.009 
49.495 
49.288 
49.291 
49.83 
49.997 
49.699 
49.308 
49.825 
49.374 
49.335 
49.435 
-50.551 
50.092 
49.501 
49.474 
49.619 
49.496 
34.888 
49.295 
49.455 
34.294 
49.242 
49.732 
49.432 
49.886 
49.13 
49.643 
34.564 
34.566 
50.036 
-50.615 
49.662 
34.362 
49.397 
49.385 
50.123 
49.478 
49.884 
49.621 
49.597 
49.266 
34.911 
49.375 
49.405 
49.139 
34.317 
49.342 
49.552 
49.595 
49.366 
49.251 
50.066 
49.351 
34.606 
49.512 
49.182 
49.396 
49.836 
49.386 
49.318 
49.383 
34.259 
49.474 
49.158 
49.56 
49.412 
49.466 
-50.368 
34.323 
49.341 
34.686 
49.32 
49.25 
49.518 
49.481 
34.368 
49.533 
34.272 
49.443 
49.365 
49.542 
49.313 
49.216 
49.628 
49.259 
-49.839 
49.435 
49.513 
-49.797 
49.383 
49.753 
49.263 
49.174 
49.568 
49.222 
49.703 
34.455 
34.108 
49.231 
49.26 
34.641 
49.418 
34.633 
49.137 
49.623 
49.485 
49.515 
49.625 
34.289 
49.457 
49.282 
34.698 
49.174 
49.827 
34.231 
49.195 
49.348 
49.754 
49.681 
49.679 
34.386 
49.28 
33.635000000000005 
-51.4947 
49.409 
49.302 
49.088 
49.371 
-50.348 
49.385 
49.272999999999996 
34.653999999999996 
49.83 
49.599 
49.735 
49.573 
49.499 
49.182 
49.396 
49.853 
34.634 
49.8 
49.46 
49.947 
49.675 
49.509 
49.568 
49.834 
49.23 
49.475 
34.679 
49.385 
49.402 
49.499 
49.457 
49.677 
49.767 
49.488 
49.841 
34.425 
49.49 
50.024 
49.624 
49.474 
34.434 
49.278 
49.251 
49.938 
49.68 
34.492 
49.444 
49.306 
49.186 
49.656 
49.402 
49.176 
49.384 
49.859 
49.543 
49.906 
49.342 
49.547 
49.384 
34.596 
49.819 
49.514 
49.723 
49.378 
49.868 
34.826 
49.864 
49.45 
34.454 
49.553 
49.639 
49.409 
49.882 
49.147999999999996 
49.614 
49.679 
49.286 
49.321 
49.434 
49.397999999999996 
49.584 
49.553 
49.155 
49.579 
49.351 
49.11 
49.507 
49.826 
49.421 
49.829 
49.344 
49.281 
49.389 
49.681 
34.424 
49.259 
49.295 
49.32 
49.459 
49.318 
49.795 
-31.346999999999998 
49.515 
34.63 
-51.89489999999999 
49.451 
49.642 
49.15 
34.486 
-51.0 
49.333 
49.221 
49.495 
49.383 
49.347 
49.733 
49.459 
49.623 
49.555 
49.851 
49.141999999999996 
49.754 
49.469 
34.399 
49.802 
34.435 
49.801 
49.345 
34.175 
34.247 
34.543 
49.387 
49.44 
49.292 
49.432 
49.322 
49.903 
49.196 
-52.48499999999999 
49.396 
-51.733999999999995 
-52.07499999999999 
49.313 
34.199 
49.572 
49.683 
49.342999999999996 
-50.616 
49.687 
49.666 
49.137 
49.138 
49.849 
34.587 
49.385 
49.266 
49.5 
49.384 
49.999 
49.394 
49.26 
49.609 
49.347 
-50.233 
49.326 
49.381 
49.545 
49.759 
49.637 
-50.012 
49.323 
34.080999999999996 
-50.517 
49.275 
49.319 
34.927 
49.331 
49.533 
34.438 
49.2 
34.405 
49.265 
34.755 
49.26 
49.906 
49.289 
49.137 
49.726 
34.739 
49.412 
49.306 
49.165 
34.217999999999996 
34.604 
49.249 
-30.429000000000002 
49.755 
49.409 
49.312 
-49.922 
49.554 
49.333 
49.607 
34.572 
49.33 
49.605 
49.394999999999996 
49.294 
49.306 
-50.37 
49.301 
49.512 
34.742 
-50.008 
49.294 
34.664 
49.364 
49.274 
49.741 
49.374 
34.776 
49.406 
34.8 
49.454 
49.575 
49.335 
49.499 
49.182 
34.813 
49.915 
49.783 
49.269999999999996 
49.467 
49.939 
49.518 
49.492 
49.512 
49.854 
34.505 
34.432 
49.366 
49.344 
49.435 
49.328 
34.577 
-50.369 
49.789 
49.424 
49.603 
49.504 
-50.001 
49.174 
34.375 
34.568 
34.48 
49.471 
34.703 
49.618 
49.669 
49.641 
34.792 
49.439 
49.421 
49.537 
34.591 
49.581 
49.38 
49.505 
49.382 
49.595 
49.239 
49.342999999999996 
34.81 
49.452 
-50.449 
49.424 
49.339 
34.907 
49.456 
49.685 
49.481 
-50.557 
34.422 
49.551 
49.481 
49.455 
49.502 
49.444 
49.695 
49.386 
49.879 
49.158 
49.374 
49.406 
34.775 
49.288 
49.495 
-50.097 
49.661 
49.650999999999996 
49.387 
49.325 
49.435 
34.668 
49.878 
49.461999999999996 
34.492 
49.571 
49.386 
49.397 
49.357 
49.807 
-50.281 
34.765 
49.477 
49.782 
49.773 
49.525 
34.737 
49.666 
49.31 
49.325 
49.659 
49.653 
49.576 
49.4 
34.663 
34.432 
34.446 
49.861 
34.207 
49.285 
49.499 
34.684 
49.374 
49.319 
49.31 
49.55 
49.278999999999996 
49.38 
34.632 
49.844 
49.589999999999996 
34.825 
49.399 
34.518 
49.399 
-50.487 
49.345 
49.745 
49.553 
49.676 
49.068 
49.464 
49.621 
-50.51 
49.333 
49.606 
49.441 
34.703 
49.804 
34.648 
34.467 
-50.453 
49.522 
49.749 
49.515 
49.627 
34.342999999999996 
49.496 
49.583 
49.478 
49.493 
49.347 
49.473 
49.71 
49.635 
49.573 
34.596 
49.554 
49.416 
49.52 
49.367 
34.53 
49.88 
49.456 
49.441 
49.686 
49.288 
34.244 
49.418 
49.657 
49.422 
49.394 
49.621 
49.923 
34.439 
34.659 
34.778 
49.542 
49.585 
49.586 
49.382 
49.865 
49.373 
49.549 
34.636 
49.445 
49.354 
49.608 
49.309 
49.423 
49.167 
49.326 
49.358 
49.523 
49.4 
49.266999999999996 
49.399 
49.416 
49.491 
49.509 
49.546 
49.393 
49.394 
34.424 
50.007 
49.6 
49.642 
49.518 
49.592 
49.574 
49.342 
49.475 
49.808 
-50.322 
49.983 
49.361 
49.586 
34.558 
49.38 
34.449 
49.395 
49.397999999999996 
49.533 
-50.622 
49.877 
34.351 
50.104 
49.356 
49.908 
49.427 
49.4 
49.844 
34.448 
34.377 
49.49 
49.413 
34.79 
49.992 
49.505 
49.437 
49.428 
49.668 
49.357 
34.689 
-50.47 
-50.145 
49.772 
49.453 
49.466 
34.688 
34.382 
49.681 
49.311 
49.428 
-49.983 
35.096000000000004 
49.447 
49.72 
34.391 
50.016 
49.879 
49.245 
49.604 
34.747 
49.782 
49.547 
49.617 
49.58 
49.587 
49.917 
49.478 
-50.008 
49.493 
49.743 
49.546 
49.538 
49.587 
-50.334 
49.497 
49.6 
49.868 
34.501 
49.535 
49.449 
49.754 
49.787 
49.537 
49.309 
49.812 
49.62 
49.701 
49.366 
49.609 
34.457 
49.741 
49.488 
49.363 
49.518 
49.367 
49.454 
34.281 
49.436 
49.678 
34.24 
49.648 
49.615 
34.421 
49.257 
-50.25 
49.334 
49.361 
49.86 
34.403 
49.387 
34.368 
-50.557 
49.466 
49.431 
49.594 
49.454 
34.485 
49.455 
34.299 
-50.617 
34.433 
49.269 
49.534 
49.314 
34.452 
49.475 
-50.35 
49.671 
49.518 
49.449 
-50.516 
34.483 
49.428 
49.38 
49.488 
49.918 
49.585 
49.505 
49.416 
34.53 
49.902 
49.511 
34.49 
49.662 
49.502 
49.616 
49.467999999999996 
34.717999999999996 
49.241 
49.564 
49.606 
49.424 
49.795 
34.278 
49.561 
49.812 
49.571 
49.315 
49.606 
49.431 
49.4 
49.423 
49.302 
34.648 
34.234 
49.644 
49.531 
34.383 
49.454 
-50.186 
49.408 
49.625 
34.311 
34.511 
-50.54 
34.393 
49.603 
49.437 
49.206 
34.328 
49.645 
49.54 
49.929 
-50.275 
-50.394 
49.594 
49.264 
49.623 
49.58 
34.459 
49.612 
49.174 
-50.597 
49.382 
-50.025 
49.643 
49.592999999999996 
49.379 
34.45 
49.528 
34.408 
49.589 
49.604 
34.302 
49.487 
49.693 
49.384 
49.569 
34.495 
34.545 
34.552 
34.849 
49.487 
-46.812000000000005 
34.46 
49.507 
34.034 
49.723 
49.205999999999996 
49.405 
49.484 
49.578 
49.65 
49.379 
49.604 
34.419 
34.355 
34.533 
49.571 
34.58 
34.489 
34.547 
49.894 
34.945 
49.418 
49.829 
49.438 
49.753 
34.302 
49.582 
34.412 
34.888 
49.712 
49.615 
34.365 
49.522 
49.381 
34.509 
49.359 
49.608 
49.515 
49.756 
49.5 
-50.309 
49.743 
34.617 
49.519 
49.653 
49.595 
49.384 
49.488 
49.433 
49.407 
49.549 
-50.685 
49.650999999999996 
49.609 
49.223 
-50.482 
49.258 
49.644 
50.011 
49.393 
49.872 
49.333 
49.636 
49.458 
49.361 
49.424 
49.44 
50.031 
49.352 
49.724 
49.513 
34.481 
49.79 
49.682 
49.785 
49.846 
49.579 
49.588 
34.476 
49.535 
-50.022 
34.509 
49.623 
49.511 
34.799 
49.697 
49.616 
49.515 
49.438 
34.679 
49.837 
49.537 
49.327 
49.778999999999996 
34.861 
49.424 
34.472 
49.345 
34.734 
49.435 
49.608 
49.475 
49.553 
49.439 
49.676 
49.592999999999996 
49.502 
49.69 
49.354 
49.458 
49.859 
49.578 
49.558 
49.641 
49.858 
49.966 
49.538 
49.469 
49.564 
-50.015 
49.423 
49.373 
49.827 
49.481 
49.83 
49.459 
49.328 
49.629 
49.87 
49.437 
49.653999999999996 
49.527 
34.397999999999996 
49.52 
49.605 
49.351 
49.567 
49.669 
49.443 
49.703 
49.389 
49.725 
49.557 
49.696 
49.699 
34.291 
34.432 
49.726 
34.459 
49.194 
49.617 
49.418 
49.424 
49.671 
49.791 
49.555 
49.562 
34.458 
34.689 
49.652 
49.412 
49.255 
49.436 
49.627 
49.367 
49.388 
49.403999999999996 
-50.813 
49.769 
49.437 
34.353 
49.406 
34.288 
49.67 
49.511 
49.592999999999996 
49.366 
-50.242 
49.208999999999996 
49.301 
49.205999999999996 
49.547 
-50.492 
49.759 
49.565 
49.403 
49.546 
34.504 
34.507 
49.798 
49.508 
49.502 
49.592999999999996 
-50.564 
49.31 
49.227 
49.292 
49.49 
49.456 
49.574 
49.525999999999996 
34.425 
49.308 
49.644 
49.971 
49.565 
49.905 
49.377 
49.47 
34.281 
34.434 
49.439 
49.437 
34.647 
49.472 
49.524 
49.467999999999996 
34.428 
49.623 
49.509 
49.881 
49.485 
49.487 
49.681 
49.769 
34.705 
34.393 
49.829 
49.711 
49.568 
49.699 
49.648 
34.305 
49.445 
34.753 
49.591 
49.87 
49.469 
49.653999999999996 
34.37 
49.547 
49.559 
34.268 
49.675 
49.272999999999996 
-50.53 
49.563 
49.487 
34.507 
49.485 
49.653 
49.607 
49.74 
49.289 
49.726 
-50.396 
34.917 
49.626 
49.359 
49.607 
-50.411 
49.517 
34.528999999999996 
34.286 
49.641 
49.58 
34.555 
49.467999999999996 
49.905 
34.762 
49.537 
34.674 
49.347 
49.499 
34.626 
49.394 
49.46 
49.501 
34.098 
49.216 
49.57 
49.173 
34.864 
49.611 
49.709 
49.619 
49.482 
34.801 
49.634 
49.758 
34.834 
49.633 
49.564 
49.485 
49.368 
34.85 
49.402 
49.898 
49.477 
49.275 
34.437 
49.581 
34.37 
34.489 
49.597 
49.798 
34.423 
49.443 
49.566 
49.495 
49.518 
49.339 
49.442 
49.339 
49.611 
49.511 
34.791 
49.734 
49.41 
49.628 
49.589999999999996 
49.701 
49.534 
49.732 
49.589999999999996 
34.495 
49.439 
34.711 
49.671 
49.576 
49.653 
49.963 
34.489 
49.937 
49.603 
49.474 
49.506 
-50.465 
-50.456 
49.332 
49.378 
34.407 
49.531 
49.454 
49.771 
49.449 
49.554 
33.97 
34.732 
49.754 
34.496 
49.551 
49.295 
49.591 
49.583 
34.461999999999996 
49.573 
-50.245 
49.355 
49.397 
49.503 
49.469 
49.467 
49.488 
49.439 
49.561 
49.496 
49.494 
49.464999999999996 
-50.372 
49.439 
49.842 
34.686 
34.579 
49.498 
49.561 
49.754 
49.494 
49.445 
49.431 
34.773 
34.46 
34.839 
49.595 
34.553 
49.371 
35.021 
49.735 
49.352 
49.467999999999996 
34.329 
49.403 
34.598 
49.384 
34.829 
49.538 
34.425 
49.568 
49.358 
49.844 
49.486 
49.624 
49.697 
34.424 
49.677 
49.455 
49.415 
49.793 
49.595 
49.382 
49.498 
49.573 
49.517 
49.676 
34.311 
-50.543 
49.475 
34.902 
34.567 
49.452 
-49.929 
34.695 
49.439 
-50.189 
49.314 
49.574 
49.55 
49.589 
34.806 
49.374 
49.464999999999996 
34.3 
49.511 
49.576 
49.522999999999996 
34.269 
-50.297 
49.271 
34.487 
49.452 
49.474 
49.378 
49.478 
49.67 
49.569 
34.271 
-50.416 
49.886 
34.225 
49.91 
49.82 
49.495 
49.26 
49.486 
34.811 
49.601 
49.599 
49.79 
49.394999999999996 
49.547 
34.645 
49.591 
49.845 
49.821 
49.537 
49.513 
49.591 
34.589999999999996 
49.913 
49.801 
49.363 
34.634 
49.371 
49.3 
49.458 
49.354 
49.896 
49.29 
34.443 
49.676 
49.648 
50.073 
49.388 
49.442 
34.458 
49.381 
49.734 
49.439 
34.826 
49.229 
49.56 
49.126 
49.623 
50.048 
49.498 
49.555 
49.431 
49.607 
49.447 
-51.846 
34.445 
49.929 
49.567 
49.555 
49.421 
49.896 
-50.509 
49.597 
49.487 
49.571 
49.331 
49.585 
34.512 
49.455 
49.278 
49.949 
49.473 
49.842 
49.522 
49.527 
49.368 
49.781 
49.466 
49.447 
49.374 
34.426 
49.657 
34.399 
49.519 
49.425 
49.524 
-50.455 
49.536 
34.293 
34.019 
49.37 
-50.635 
34.427 
34.421 
49.281 
49.555 
49.265 
49.438 
49.313 
34.373 
34.439 
49.511 
34.492 
49.521 
49.852 
49.339 
49.553 
49.858 
49.482 
49.649 
49.315 
49.374 
49.594 
49.642 
49.54 
34.374 
49.5 
49.24 
-50.349000000000004 
49.787 
34.334 
49.636 
-50.481 
-50.651 
34.185 
49.511 
49.603 
49.650999999999996 
49.803 
49.522999999999996 
34.563 
49.367 
49.918 
34.442 
49.577 
49.479 
49.838 
49.566 
34.612 
34.418 
34.348 
49.967999999999996 
34.494 
-50.326 
49.373 
34.424 
49.488 
-50.364 
49.433 
-50.575 
34.592999999999996 
34.72 
49.678 
49.771 
34.44 
49.358 
34.387 
34.444 
34.365 
49.128 
34.731 
49.517 
49.862 
49.579 
49.722 
49.452 
49.968 
34.378 
49.619 
49.743 
49.42 
49.33 
34.246 
49.57 
49.711 
-50.348 
-50.248 
34.74 
49.612 
49.492 
49.953 
49.644 
34.397999999999996 
49.438 
49.385 
49.683 
49.851 
-50.636 
34.372 
49.582 
49.5 
49.495 
34.594 
49.43 
49.546 
49.259 
49.659 
49.68 
49.942 
49.441 
34.47 
49.389 
-50.411 
-49.623 
49.535 
34.667 
34.44 
34.832 
49.769 
-50.223 
34.407 
49.786 
49.64 
-50.495 
49.517 
49.905 
49.496 
49.715 
49.702 
49.527 
49.655 
49.42 
49.319 
49.748 
49.5 
49.476 
49.809 
49.357 
49.518 
49.898 
49.992 
49.543 
49.87 
49.608 
34.546 
34.519 
34.857 
49.333 
49.68 
49.375 
49.32 
49.62 
34.622 
49.856 
49.302 
49.57 
34.415 
49.824 
49.568 
49.611 
34.225 
49.821 
34.51 
49.332 
49.429 
49.429 
49.54 
49.522999999999996 
49.662 
49.417 
34.402 
34.663 
34.826 
49.418 
49.734 
49.567 
-50.59 
49.874 
49.469 
34.535 
49.359 
49.449 
34.378 
49.653999999999996 
-50.558 
34.359 
49.57 
49.501 
49.372 
35.003 
34.418 
49.645 
49.732 
34.123 
49.938 
49.634 
49.464999999999996 
49.475 
-49.87 
49.305 
49.429 
49.48 
49.71 
49.322 
49.603 
34.832 
34.336999999999996 
49.459 
49.364 
49.446 
49.42 
50.045 
49.4 
49.472 
49.374 
34.315 
49.615 
49.676 
49.575 
49.485 
49.763 
49.676 
49.892 
49.49 
49.483 
49.407 
49.35 
49.282 
50.044 
49.512 
49.513 
49.495 
49.417 
49.56 
49.537 
-51.2496 
-50.354 
49.843 
49.479 
49.443 
49.226 
49.755 
49.547 
49.479 
49.368 
49.44 
49.856 
34.383 
34.811 
49.736 
49.452 
49.45 
49.789 
49.64 
34.377 
49.641 
49.624 
34.453 
49.329 
34.373 
49.303 
49.47 
49.848 
34.375 
49.552 
49.26 
49.683 
34.504 
49.769 
49.631 
49.463 
34.535 
49.431 
49.844 
34.386 
34.66 
49.525 
49.577 
49.326 
34.487 
49.3 
49.794 
49.939 
49.803 
49.327 
49.531 
49.934 
49.538 
49.54 
49.482 
34.835 
-50.43 
49.822 
49.368 
49.43 
49.416 
49.33 
49.5 
49.913 
49.692 
49.458 
34.506 
34.332 
49.71 
49.55 
49.492 
49.691 
49.714 
34.339999999999996 
49.694 
34.552 
49.638 
-50.498 
49.795 
49.539 
49.444 
49.497 
49.742 
49.453 
49.434 
49.542 
49.514 
49.577 
49.388 
49.531 
49.962 
34.458 
49.628 
49.416 
49.419 
49.884 
34.619 
50.116 
-50.472 
49.506 
34.414 
34.548 
34.453 
34.426 
49.606 
49.36 
49.411 
49.407 
34.793 
49.44 
49.355 
49.457 
49.786 
49.382 
49.525 
49.709 
-50.465 
49.689 
49.626 
49.323 
-50.453 
49.846 
49.75 
49.326 
49.685 
49.538 
49.495 
49.459 
49.332 
34.777 
-49.988 
34.56 
49.492 
34.923 
49.917 
49.559 
49.819 
49.564 
34.546 
49.481 
49.723 
49.706 
49.638 
49.614 
49.729 
49.51 
49.485 
50.159 
49.588 
34.42 
34.499 
49.618 
49.574 
49.391 
49.432 
49.63 
34.336999999999996 
49.385 
34.617 
34.578 
34.582 
34.879 
49.473 
34.588 
49.448 
34.458 
49.546 
49.966 
34.567 
49.775 
49.451 
49.395 
49.621 
49.317 
49.437 
49.617 
49.541 
49.845 
34.835 
49.997 
49.434 
-50.087 
49.571 
49.909 
34.569 
49.631 
34.369 
49.612 
49.612 
49.63 
49.54 
49.459 
49.482 
49.799 
49.632 
49.513 
49.918 
49.602 
49.385 
49.384 
49.314 
49.68 
49.896 
49.528 
34.3 
49.746 
49.555 
49.638 
49.438 
49.771 
49.547 
49.511 
34.624 
34.885 
49.602 
49.726 
49.768 
49.574 
49.533 
49.749 
49.461 
49.93 
49.415 
34.534 
49.649 
34.46 
49.33 
-50.196 
34.384 
49.328 
34.513 
34.361 
49.547 
49.49 
34.459 
49.4 
49.402 
49.414 
34.393 
49.533 
49.563 
49.39 
49.501 
49.525999999999996 
49.916 
49.618 
49.518 
49.467 
49.525 
49.494 
49.331 
49.527 
49.89 
49.612 
49.95 
49.244 
49.578 
49.633 
49.295 
34.538 
34.488 
49.464999999999996 
49.648 
49.492 
49.825 
49.504 
49.879 
49.458 
49.836 
34.484 
49.485 
49.57 
49.502 
49.548 
34.312 
49.517 
49.903 
50.024 
49.521 
49.195 
49.442 
49.614 
49.436 
49.855 
-50.487 
-50.085 
34.739 
49.538 
49.44 
34.643 
49.528 
49.483 
49.463 
34.33 
34.946 
-50.124 
49.414 
34.604 
49.514 
-50.284 
49.671 
49.603 
-50.409 
34.348 
34.81 
49.535 
49.58 
49.568 
34.423 
49.93 
49.607 
34.086 
49.443 
49.691 
49.579 
49.496 
49.485 
49.533 
49.528 
49.684 
49.788 
49.492 
49.56 
49.473 
34.784 
49.845 
49.668 
49.478 
49.756 
49.691 
49.667 
49.519 
49.664 
49.385 
-50.392 
49.557 
49.42 
49.381 
49.406 
-50.608 
49.556 
49.31 
49.657 
49.525999999999996 
49.775 
-50.514 
49.447 
49.606 
-50.160000000000004 
-50.551 
49.5 
49.907 
49.527 
-50.482 
49.379 
49.432 
49.606 
49.354 
49.689 
34.412 
49.617 
49.266999999999996 
49.399 
50.033 
49.58 
49.181 
49.287 
49.441 
49.467999999999996 
49.423 
49.796 
34.682 
34.295 
49.403 
49.704 
49.428 
49.441 
49.565 
49.522 
34.76 
34.336 
49.487 
49.426 
49.667 
49.939 
49.411 
49.402 
49.69 
49.418 
49.737 
49.414 
34.691 
49.445 
49.56 
34.522 
49.499 
34.663 
49.485 
49.474 
49.91 
49.528 
49.406 
49.591 
49.445 
49.312 
49.64 
34.378 
49.834 
49.612 
49.688 
49.562 
49.365 
49.387 
49.715 
49.36 
49.656 
49.97 
49.589999999999996 
49.495 
49.375 
49.589 
49.409 
-50.461 
49.509 
49.548 
49.49 
49.926 
49.619 
50.029 
49.666 
49.358 
49.679 
49.618 
49.296 
34.469 
49.400999999999996 
49.514 
34.475 
49.829 
-50.273 
49.684 
49.528 
49.482 
49.61 
49.727 
49.473 
49.65 
34.464 
49.203 
49.697 
49.676 
49.648 
49.217 
49.69 
34.523 
-50.046 
49.447 
-50.912 
49.501 
49.629 
49.892 
49.814 
-50.589 
49.402 
49.24 
49.469 
49.763 
49.419 
34.423 
49.339999999999996 
34.37 
50.022 
-50.8 
34.762 
49.811 
49.596 
-50.078 
49.868 
49.476 
50.096 
49.95 
49.807 
-50.579 
49.498 
34.341 
35.084 
49.682 
34.515 
49.561 
49.547 
34.415 
49.711 
-50.127 
49.574 
49.24 
49.834 
49.564 
50.039 
49.708 
49.987 
49.554 
49.638 
49.508 
49.4 
49.37 
49.504 
34.518 
49.452 
49.222 
49.556 
34.614 
49.45 
49.636 
49.432 
49.671 
49.76 
49.485 
49.625 
49.371 
49.464 
49.261 
49.376 
49.314 
49.384 
49.999 
49.442 
49.599 
49.368 
34.297 
49.692 
49.425 
49.931 
49.743 
49.582 
49.506 
49.612 
49.298 
49.784 
49.717 
34.637 
49.482 
49.847 
49.717999999999996 
49.417 
49.469 
49.503 
49.882 
34.452 
49.515 
34.38 
49.763 
49.903 
34.437 
49.411 
49.407 
49.988 
49.379 
49.617 
49.463 
49.32 
34.364 
49.567 
34.628 
49.472 
49.472 
48.964 
34.41 
34.739 
49.386 
49.674 
49.539 
49.957 
50.175 
49.528999999999996 
49.522 
49.41 
49.777 
49.331 
34.453 
34.806 
49.39 
49.801 
49.28 
49.374 
49.715 
34.978 
49.418 
49.822 
49.35 
49.611 
49.377 
49.616 
49.52 
49.556 
34.582 
49.354 
-50.257 
34.417 
34.798 
34.521 
49.803 
49.704 
49.422 
49.483 
49.607 
34.223 
49.53 
34.504 
49.542 
49.406 
49.623 
34.829 
49.492 
49.559 
49.601 
49.704 
49.665 
49.457 
49.451 
49.513 
34.662 
34.517 
49.474 
49.339999999999996 
49.366 
34.717999999999996 
49.303 
49.534 
34.427 
49.497 
34.646 
49.525999999999996 
49.596 
49.626 
49.646 
49.541 
49.312 
49.704 
49.48 
49.406 
-50.417 
49.575 
-50.335 
49.397 
34.608 
49.589 
49.57 
34.625 
49.453 
49.467999999999996 
49.303 
34.32 
49.397999999999996 
49.516 
34.542 
49.394 
49.663 
49.557 
49.315 
-50.659 
49.547 
49.879 
49.571 
49.959 
49.452 
49.222 
49.486 
34.447 
34.235 
49.442 
49.713 
49.063 
49.515 
49.473 
49.294 
49.573 
49.484 
49.846 
49.544 
49.448 
49.847 
49.655 
49.885 
49.375 
49.939 
49.541 
49.571 
49.509 
49.717 
49.488 
49.473 
34.822 
49.521 
49.775 
49.562 
49.777 
49.328 
49.589999999999996 
49.39 
49.407 
49.665 
34.223 
49.205 
49.013999999999996 
49.519 
34.435 
49.352 
49.765 
49.527 
49.83 
49.57 
49.467 
49.325 
49.883 
34.631 
49.324 
49.55 
34.868 
49.446 
34.761 
49.381 
49.56 
49.458 
49.631 
49.492 
49.933 
34.246 
49.237 
49.586 
49.457 
49.393 
49.575 
34.409 
-50.535000000000004 
49.386 
49.459 
49.482 
49.634 
49.304 
34.566 
49.727 
34.692 
49.641 
49.659 
34.839 
49.595 
49.735 
49.995 
49.609 
49.542 
49.400999999999996 
49.47 
49.709 
49.659 
49.821 
49.373 
49.357 
49.316 
49.564 
49.418 
49.646 
49.411 
49.547 
49.211 
-50.393 
49.634 
49.296 
49.614 
49.366 
-50.54 
49.464 
49.6 
49.483 
49.906 
34.67 
49.347 
49.51 
49.578 
34.834 
49.19 
49.569 
49.839 
49.434 
49.425 
34.403 
49.696 
49.474 
49.576 
49.856 
49.22 
49.805 
49.611 
49.296 
49.455 
49.734 
49.722 
49.318 
49.441 
49.419 
49.428 
49.347 
49.74 
49.447 
49.453 
49.533 
49.648 
-50.26 
34.625 
49.216 
49.393 
49.467999999999996 
49.636 
49.585 
49.592999999999996 
49.919 
49.435 
49.22 
49.788 
49.397999999999996 
49.29 
49.535 
49.553 
49.615 
34.479 
