-49.896 
-52.072 
-52.292 
-50.852000000000004 
-51.784 
-52.968 
-50.556 
-51.54 
-51.192 
-53.504000000000005 
-52.632000000000005 
-52.31999999999999 
-52.312000000000005 
-49.96 
-53.454 
-53.04 
-52.544000000000004 
-51.882000000000005 
-49.74 
-52.368 
-53.746 
-50.018 
-50.132 
-52.872 
-51.742000000000004 
-52.63 
-52.534 
-52.32 
-52.62199999999999 
-52.752 
-51.82 
-54.298 
-52.17 
-52.410000000000004 
-52.066 
-52.558 
-53.19199999999999 
-52.604 
-49.726 
-49.802 
-50.16 
-52.044000000000004 
-50.252 
-50.348 
-51.994 
-52.202 
-52.60999999999999 
-50.04 
-51.942 
-51.354 
-53.931999999999995 
-51.728 
-51.668 
-51.786 
-30.97 
-54.324000000000005 
-52.636 
-52.832 
-51.384 
-52.616 
-52.29 
-51.77 
-51.514 
-52.472 
-52.95 
-52.168 
-50.022 
-52.212 
-52.314 
-52.428000000000004 
-53.234 
-52.8 
-52.842 
-51.808 
-52.976 
-51.846000000000004 
-53.440000000000005 
-52.354 
-52.952000000000005 
-54.25199999999999 
-55.13799999999999 
-50.074 
-50.108 
-49.628 
-53.13199999999999 
-51.314 
-51.918 
-52.455999999999996 
-52.302 
-51.854 
-53.111999999999995 
-52.728 
-53.67 
35.660000000000004 
-51.774 
-51.852000000000004 
-53.826 
-52.868 
-53.002 
-53.065999999999995 
-51.696 
-53.408 
-52.54 
-53.846000000000004 
-50.102 
-54.46 
-52.138000000000005 
-52.885999999999996 
-51.266 
-52.698 
-52.28 
-55.389999999999965 
-54.158 
-52.596000000000004 
-52.538000000000004 
-51.576 
-52.802 
-53.032 
-53.25 
-54.684 
-54.192 
-53.54399999999999 
-52.638 
-53.868 
-53.882000000000005 
-53.779999999999994 
-53.641999999999996 
-29.556 
-53.542 
-53.692 
-53.06199999999999 
-52.92 
-53.782 
-54.182 
-54.535999999999994 
-55.37200000000002 
-52.196 
-55.09399999999998 
-53.812 
-53.88199999999999 
-53.922000000000004 
-56.35800000000003 
-54.449999999999996 
-53.922 
-53.617999999999995 
-53.339999999999996 
-50.062 
-55.51800000000001 
-55.043999999999976 
-51.550000000000004 
-54.91000000000001 
-55.00999999999999 
-29.346 
-29.536 
-55.38799999999998 
-56.38999999999997 
-29.374 
-53.36399999999999 
-54.55200000000001 
-54.616 
-54.49399999999999 
-54.54000000000001 
-29.636 
-53.528 
-53.824 
-55.05 
-55.747999999999976 
-57.836 
-55.49199999999997 
-55.153999999999996 
-50.27 
-55.68 
-50.308 
-54.22 
-55.54199999999999 
-55.220000000000006 
-60.287999999999684 
-49.738 
-54.664 
-50.15 
-58.13799999999996 
-55.053999999999995 
-57.337999999999994 
-56.800000000000004 
-29.47 
-56.288000000000004 
-54.87599999999999 
-58.153999999999975 
-50.248 
-56.379999999999974 
-29.428 
-57.309999999999945 
-55.13199999999999 
-56.439999999999976 
-55.54399999999999 
-29.221999999999998 
-54.97999999999998 
-56.27599999999998 
-57.79799999999995 
-56.557999999999986 
-29.378 
-57.68799999999997 
-56.516000000000005 
-56.38400000000003 
-57.14199999999999 
-55.695999999999984 
-29.32 
-52.314 
-57.08199999999999 
-54.884 
-58.773999999999916 
-53.66 
-56.44599999999999 
-57.31999999999999 
-58.295999999999964 
-60.1479999999997 
-59.6779999999998 
-60.238 
-57.43199999999997 
-51.298 
-59.2459999999999 
-65.88599999999971 
-60.443999999999605 
-57.459999999999994 
-56.557999999999986 
-49.72 
-57.60800000000001 
-60.41199999999971 
-54.34599999999999 
-55.64800000000004 
-59.807999999999936 
-62.05199999999951 
-55.79599999999995 
-58.362000000000045 
-59.12999999999982 
-61.82199999999959 
-63.16199999999985 
-58.539999999999935 
-55.706 
-62.4639999999998 
-57.446 
-61.078000000000046 
-57.962 
-58.49599999999994 
35.758 
-60.23799999999996 
-58.93599999999985 
-60.80799999999957 
-50.464 
-63.08999999999944 
-57.04599999999996 
-62.5439999999998 
-59.939999999999756 
-29.62 
-64.80000000000011 
-61.07599999999967 
-64.16399999999987 
-56.772 
-50.358 
-60.73799999999975 
-50.566 
50.644 
-56.40000000000003 
-60.37000000000005 
-61.90199999999977 
-64.26399999999973 
-62.189999999999486 
-59.37399999999985 
-64.93599999999968 
-63.645999999999496 
-55.033999999999985 
-59.34399999999989 
-63.93999999999974 
-56.467999999999925 
-50.156 
-56.51800000000001 
-61.48799999999968 
-30.178 
-60.11799999999967 
-66.78399999999958 
-57.18400000000004 
-63.77599999999969 
-66.08599999999943 
-58.06799999999993 
-61.50399999999967 
-60.63799999999965 
-57.05599999999994 
-60.41599999999969 
-63.517999999999745 
-65.61999999999932 
-64.97999999999973 
-50.158 
-62.267999999999624 
-66.72799999999943 
-50.194 
35.846000000000004 
-63.082000000000164 
-60.13599999999985 
-61.8780000000001 
-65.70399999999955 
-63.14399999999995 
-54.42599999999999 
-29.59 
-61.647999999999826 
-62.58799999999949 
-56.37999999999998 
-65.24199999999988 
-64.7619999999998 
-63.411999999999686 
-63.7339999999994 
-68.38000000000028 
-58.73599999999985 
-60.785999999999596 
-58.997999999999905 
-68.92599999999989 
-58.871999999999865 
-64.34199999999964 
-61.83999999999977 
-53.57 
-50.55 
-64.45199999999997 
-64.2859999999995 
-61.939999999999756 
-66.38999999999967 
-64.61200000000008 
-61.73599999999961 
-29.264 
-62.16800000000007 
-64.36199999999954 
-56.77799999999995 
-66.34199999999989 
-64.20799999999942 
-56.93199999999996 
15.270000000000296 
-67.10399999999993 
-66.71999999999908 
-63.087999999999866 
12.146000000000228 
-58.54999999999993 
-63.793999999999485 
-64.2559999999995 
-65.82000000000019 
-60.223999999999855 
-59.59399999999992 
-64.72999999999948 
-64.47199999999957 
-50.376 
35.894 
-62.20599999999998 
-59.72999999999981 
-29.532 
-55.74199999999994 
-62.78599999999996 
35.834 
-69.49799999999928 
16.258000000001005 
-51.024 
-53.632000000000005 
-57.017999999999894 
-65.9899999999995 
-62.11999999999958 
-56.552 
-64.56799999999991 
-69.31999999999937 
-62.71999999999983 
-51.466 
-65.26399999999981 
-66.09599999999932 
-50.584 
-63.4039999999998 
35.786 
-66.8859999999996 
-69.81799999999956 
-63.763999999999506 
50.748 
15.452000000000815 
8.91200000000093 
-55.22599999999996 
-60.05199999999993 
19.564000000000284 
13.496000000001143 
-60.108000000000004 
-61.413999999999774 
-29.502 
10.564000000001322 
-65.65200000000003 
-66.52199999999999 
-57.22399999999993 
-67.06399999999933 
15.959999999999978 
-65.14599999999956 
-29.93 
13.14600000000059 
13.612000000000737 
-65.10199999999945 
-65.55 
-50.028 
-66.61599999999996 
-59.15799999999985 
-63.469999999999416 
12.846000000000377 
-67.97599999999936 
-29.686 
50.776 
-63.247999999999855 
-67.14799999999975 
-65.88599999999988 
-64.86799999999967 
7.986000000000924 
-59.18599999999998 
-63.418 
-65.26399999999975 
-64.47199999999927 
-50.406 
-62.29799999999982 
-62.97599999999964 
9.00400000000052 
11.048000000000307 
-66.62400000000005 
-50.206 
18.086000000000286 
-66.95999999999918 
-65.3199999999996 
-66.70999999999881 
16.346000000000096 
-60.505999999999894 
-67.26199999999952 
-30.374 
-63.44800000000012 
-65.00799999999961 
-59.97400000000001 
-62.25399999999994 
18.58400000000044 
-29.71 
-71.33799999999992 
-66.46599999999977 
-52.702 
-64.6419999999997 
35.86 
-66.54199999999972 
13.896000000000445 
-64.33799999999964 
-64.3359999999994 
-67.27599999999987 
-64.79999999999961 
-65.41000000000003 
-59.65999999999969 
-29.342 
-65.38399999999977 
35.562 
11.004000000000428 
35.096 
-68.56599999999922 
-59.80799999999992 
-50.322 
14.076000000000121 
-63.85199999999989 
-66.83400000000029 
-66.24999999999966 
-29.252 
-64.51999999999997 
-29.188 
-29.632 
11.520000000000334 
-65.30200000000016 
-66.99999999999926 
-64.10799999999925 
-55.981999999999964 
-66.54399999999919 
-68.6719999999997 
-64.25199999999936 
11.807999999999932 
13.152000000000541 
-29.528 
-70.00999999999894 
-65.36599999999939 
-64.42799999999954 
-65.69199999999911 
-65.53199999999944 
-66.94999999999978 
-64.07999999999966 
-62.23599999999949 
-56.13799999999999 
-67.33399999999946 
-49.824 
-65.3580000000001 
-65.93800000000005 
11.716000000000758 
-29.29 
-66.95199999999986 
-66.97599999999902 
15.39800000000039 
-66.06600000000006 
-67.05199999999971 
35.23 
12.772000000000759 
-60.73599999999977 
-69.87799999999895 
-55.40599999999996 
-29.586 
-67.90599999999931 
-66.22399999999932 
-64.142 
11.632000000000332 
35.868 
35.882 
-55.111999999999966 
-58.0259999999999 
-66.94799999999934 
-56.10200000000002 
-65.55799999999957 
-66.52599999999933 
-69.9279999999998 
-64.63200000000006 
-63.911999999999786 
-69.54200000000009 
-68.39799999999929 
-67.08799999999962 
-64.50800000000014 
-66.88800000000002 
10.592000000000777 
-68.46799999999953 
-62.0319999999997 
-51.13 
-65.48399999999955 
13.610000000000333 
15.744000000000568 
-64.79999999999941 
18.724000000000224 
-65.86000000000027 
-29.5 
-66.95599999999943 
9.341999999999857 
16.9100000000003 
15.754000000000183 
-50.272 
-59.04999999999992 
-59.22599999999977 
11.772000000000375 
35.8 
-66.22599999999915 
12.002000000001239 
19.2300000000005 
-65.30999999999935 
-59.10999999999981 
-50.734 
-64.50599999999946 
-66.96600000000026 
14.21200000000066 
-64.74399999999989 
-60.29199999999982 
-29.189999999999998 
-62.939999999999415 
-29.242 
-63.28399999999965 
-63.85399999999977 
50.872 
14.026000000000726 
14.56400000000011 
14.27800000000031 
-62.18199999999961 
-61.05999999999974 
-66.65199999999896 
8.452000000001043 
14.906000000001026 
-64.52999999999932 
15.612000000000595 
-28.756 
10.63799999999986 
35.856 
-65.66600000000015 
-64.42799999999991 
-67.94199999999951 
50.664 
-29.68 
-67.21599999999924 
-52.002 
-55.79199999999997 
-54.57400000000001 
-29.304 
-64.15999999999967 
-29.432 
-68.5200000000001 
-64.38000000000022 
-66.354 
12.606000000000762 
-61.45599999999988 
16.586000000000347 
-68.33199999999975 
-58.237999999999964 
-65.82600000000025 
19.069999999999965 
-65.1440000000001 
-57.42999999999987 
-54.801999999999985 
-59.133999999999865 
35.478 
-59.39199999999989 
16.51600000000019 
-60.559999999999846 
-53.342 
-66.66799999999958 
-68.7519999999991 
-51.542 
-62.10399999999966 
-29.504 
-29.706 
-62.318000000000076 
-58.83999999999999 
-64.61399999999969 
-65.65400000000018 
-64.52800000000006 
-62.96000000000005 
-61.26200000000007 
-67.23399999999869 
-68.28799999999927 
-65.92999999999992 
-63.05799999999995 
-61.479999999999755 
-66.20999999999927 
-65.17800000000018 
-61.697999999999965 
-29.36 
21.620000000000438 
-50.392 
-29.29 
-54.769999999999975 
-56.677999999999976 
19.953999999999716 
-57.88599999999998 
18.47400000000026 
10.628000000000636 
-63.58599999999962 
-61.43199999999967 
-57.639999999999944 
-29.578 
11.548000000001409 
-53.958000000000006 
14.596000000001167 
-53.792 
16.21400000000056 
-61.957999999999984 
12.256000000001265 
-59.49399999999984 
14.376000000000136 
-51.546 
-60.58600000000006 
-63.9500000000001 
14.90999999999991 
-59.55799999999992 
16.5179999999998 
-61.14800000000005 
14.706000000000719 
15.659999999999998 
-57.359999999999985 
18.44400000000018 
21.70600000000022 
-67.6899999999992 
-65.21399999999947 
-61.69999999999962 
16.566000000000535 
-65.54599999999988 
-66.3899999999999 
-61.1720000000001 
-50.038 
-66.32999999999973 
-60.035999999999724 
13.354000000000994 
14.160000000001155 
17.092000000000183 
17.034000000000034 
-62.56400000000012 
-63.555999999999514 
-62.663999999999774 
-61.87999999999972 
-50.012 
-67.42799999999914 
17.53600000000011 
-65.99200000000019 
13.99600000000082 
-64.21599999999967 
-67.0059999999994 
15.252000000000056 
-65.13199999999948 
14.242000000000518 
16.910000000000522 
-62.703999999999716 
-64.1239999999994 
16.15800000000032 
16.982000000000475 
-29.08 
-58.52399999999991 
35.682 
16.108000000000438 
-68.16399999999992 
-56.47800000000002 
-65.66599999999974 
-67.98799999999935 
14.188000000000331 
20.750000000000075 
-64.38599999999923 
35.79 
-56.34000000000001 
-62.799999999999706 
21.933999999999724 
14.096000000000549 
35.58 
13.954000000000203 
-59.21999999999992 
-68.20999999999987 
13.836000000000425 
-29.14 
-65.56799999999915 
-68.57999999999959 
-54.43399999999998 
18.626000000000264 
-63.21399999999995 
21.796000000000276 
-67.16799999999947 
18.588000000000186 
-66.46600000000015 
12.350000000000872 
-29.07 
-67.06199999999974 
-63.13200000000012 
-65.67799999999943 
-60.11600000000006 
35.862 
-61.09599999999982 
-65.66199999999998 
16.920000000000595 
19.396000000000466 
-64.292 
22.843999999999845 
18.152000000000342 
-67.86800000000022 
-60.5900000000001 
21.882000000000076 
-29.58 
-29.366 
-62.575999999999844 
-57.4699999999999 
35.576 
-63.26400000000012 
-64.37199999999946 
12.91800000000038 
13.684000000000278 
-61.327999999999754 
14.195999999999989 
-59.19599999999995 
11.479999999999752 
19.46000000000045 
14.162000000000111 
-50.648 
22.054000000000265 
15.270000000000385 
-59.249999999999964 
16.066000000000308 
15.788000000000086 
22.06199999999992 
16.034000000000155 
-56.98999999999988 
-60.98999999999968 
-64.51799999999952 
35.768 
-65.85399999999923 
-59.906000000000034 
16.726000000000376 
-60.71199999999984 
17.76800000000019 
-58.988 
-61.591999999999956 
-68.42999999999914 
-29.322 
-63.03799999999934 
-64.20999999999934 
-58.213999999999935 
14.448000000000476 
16.71200000000031 
11.86000000000043 
-67.41600000000008 
20.594000000000197 
-29.64 
16.584000000000316 
21.491999999999976 
-61.77599999999978 
22.52800000000034 
35.614 
-64.4979999999997 
-62.06599999999951 
23.78599999999997 
21.716000000000022 
-52.528 
15.972000000000167 
17.89400000000026 
-60.21199999999979 
-65.23999999999961 
13.682000000000702 
16.058000000000227 
-62.47399999999985 
-66.8299999999997 
-64.43599999999941 
20.97800000000035 
-57.42999999999992 
-63.17400000000003 
15.674000000000184 
-59.625999999999785 
-65.20199999999923 
-29.12 
-55.306000000000004 
19.45000000000023 
10.828000000000117 
18.948000000000143 
13.791999999999902 
31.329999999999675 
-55.287999999999954 
-28.744 
15.40799999999979 
-58.24799999999992 
17.486000000000416 
9.53399999999985 
-62.67999999999955 
13.74600000000066 
-58.55399999999988 
-69.53399999999915 
16.93600000000032 
-58.00600000000016 
-57.03599999999993 
-59.16800000000008 
-64.46999999999946 
-29.256 
-66.10599999999951 
20.552000000000184 
15.58400000000057 
22.121999999999765 
-53.304 
-63.07199999999969 
13.238000000000781 
-60.1079999999999 
17.21400000000017 
-58.33200000000017 
18.924000000000348 
25.353999999999793 
22.389999999999873 
-54.112 
-61.10000000000003 
19.034000000000184 
20.922 
-63.54199999999995 
35.668 
13.540000000000578 
17.106000000000442 
20.801999999999985 
-52.788000000000004 
16.540000000000255 
-67.73999999999978 
-63.91999999999962 
12.776000000000348 
20.2880000000001 
20.418000000000134 
-66.25399999999928 
-52.314 
22.283999999999757 
-68.74599999999938 
17.762000000000082 
12.89000000000047 
18.788000000000267 
-63.78400000000016 
-63.13799999999969 
-63.558000000000035 
16.972000000000243 
22.28399999999971 
-57.67999999999987 
18.762000000000278 
-66.62799999999966 
20.712000000000167 
13.342000000000013 
15.898000000000202 
-60.54400000000002 
17.165999999999855 
-64.64400000000003 
-69.52399999999989 
15.312000000000435 
20.044000000000125 
19.948000000000096 
19.28399999999989 
18.36000000000015 
14.776000000000197 
18.222000000000126 
-51.68 
21.82399999999982 
-62.312000000000054 
-60.757999999999754 
-52.626000000000005 
18.268000000000363 
-61.41599999999979 
-67.66000000000031 
-64.05999999999995 
16.47200000000007 
19.139999999999986 
-66.90599999999962 
14.620000000000486 
35.508 
14.943999999999841 
-66.25799999999963 
-67.03799999999929 
-63.519999999999754 
-60.16999999999999 
-62.80000000000026 
-68.28199999999944 
8.04599999999996 
-29.672 
-62.751999999999995 
15.14200000000026 
-68.88600000000032 
-66.52799999999941 
-59.56199999999999 
-38.810000000000045 
-63.8419999999997 
-66.26599999999962 
-67.15599999999927 
-69.92599999999963 
-29.464 
-29.47 
18.91400000000008 
-29.396 
-29.502 
14.274000000000115 
24.541999999999828 
-29.544 
18.005999999999993 
-61.63999999999991 
-66.87799999999957 
17.51599999999982 
18.110000000000216 
11.658000000000431 
-62.85399999999987 
-54.29199999999999 
23.249999999999925 
-66.23000000000012 
20.41599999999984 
7.1120000000008154 
16.37800000000022 
18.080000000000066 
11.710000000000257 
-59.29999999999994 
-63.330000000000155 
12.82200000000083 
-65.39999999999917 
-65.03799999999964 
-63.10000000000011 
12.62800000000017 
15.578000000000126 
16.88800000000034 
-57.00199999999995 
20.344 
17.28999999999995 
19.783999999999978 
17.425999999999917 
23.721999999999756 
-66.58399999999955 
-62.31199999999994 
-66.43799999999975 
18.95600000000008 
11.030000000000044 
-56.72799999999995 
20.290000000000212 
-60.446000000000076 
16.05800000000029 
22.621999999999858 
18.893999999999828 
-62.66199999999971 
20.63199999999989 
-57.39400000000024 
35.46 
-50.504 
-29.572 
20.75400000000011 
-61.43800000000003 
14.57400000000033 
21.33999999999987 
-61.261999999999986 
20.5039999999998 
16.02200000000019 
15.383999999999874 
-62.883999999999546 
23.72799999999986 
11.350000000000378 
8.083999999999843 
21.147999999999875 
14.950000000000134 
-29.4 
23.057999999999772 
16.988000000000056 
-62.39199999999986 
-67.65599999999937 
12.270000000000813 
-63.195999999999785 
22.913999999999866 
12.960000000000264 
-67.6199999999998 
17.268000000000395 
17.22000000000032 
-60.290000000000006 
12.4420000000008 
-63.905999999999665 
-66.30199999999954 
-29.14 
-66.67999999999967 
-63.14999999999963 
18.310000000000024 
-29.278 
35.726 
-29.178 
-65.83799999999948 
-70.48800000000013 
-63.979999999999784 
22.96999999999985 
15.957999999999911 
50.544 
50.604 
24.437999999999892 
18.207999999999764 
-66.60399999999953 
21.4879999999999 
-65.57799999999966 
-29.076 
12.966000000000328 
-67.87999999999981 
-59.67399999999995 
-62.70199999999966 
17.77199999999979 
35.168 
35.526 
-62.48200000000009 
22.90599999999986 
-29.366 
10.741999999999965 
-57.70399999999993 
-60.077999999999975 
11.588000000000193 
-63.822000000000145 
-63.17200000000018 
12.794000000000924 
-64.13999999999963 
24.075999999999905 
18.62800000000003 
20.6199999999999 
16.892000000000184 
35.364 
-60.70600000000002 
13.450000000000252 
-65.74999999999969 
-59.957999999999785 
-56.17799999999993 
22.328000000000134 
12.554000000000343 
18.2800000000002 
18.698000000000306 
-65.39399999999952 
27.74200000000016 
50.442 
-62.41999999999953 
-29.294 
-66.188 
12.046000000000788 
-59.72000000000013 
22.673999999999953 
35.686 
-65.96599999999994 
27.10599999999967 
-55.429999999999964 
35.154 
35.448 
-64.71200000000033 
-66.8279999999999 
13.618000000000592 
11.958000000000283 
19.596000000000156 
17.430000000000366 
21.449999999999655 
24.577999999999847 
17.947999999999972 
16.826000000000537 
16.4040000000004 
-29.34 
18.877999999999986 
20.199999999999875 
19.342000000000166 
-66.03799999999978 
18.608000000000146 
19.60400000000017 
12.440000000000023 
-67.18799999999939 
16.90799999999978 
35.582 
-60.256 
-29.39 
16.260000000000076 
-29.258 
-29.194 
-49.852 
-50.626 
-64.40599999999975 
16.256000000000036 
23.055999999999926 
-52.168 
18.14200000000019 
-29.366 
19.51600000000002 
-28.782 
11.174000000000124 
28.721999999999994 
-55.473999999999975 
19.44399999999999 
15.66799999999975 
-66.68199999999928 
10.062000000000804 
-64.30999999999962 
35.394 
19.431999999999874 
12.628000000000263 
-29.548 
-63.939999999999245 
14.864000000000043 
16.456000000000515 
-29.274 
-50.19 
-66.06799999999954 
18.260000000000204 
-29.352 
17.705999999999968 
-59.39599999999976 
22.267999999999912 
19.852000000000174 
-61.699999999999676 
-29.4 
-72.75999999999948 
21.307999999999893 
-61.46799999999958 
35.95 
19.40400000000015 
17.162000000000397 
35.742 
15.05400000000031 
35.786 
28.31200000000005 
-65.18999999999957 
20.24200000000019 
-30.062 
-28.97 
15.735999999999805 
15.702000000000126 
-61.84200000000012 
-68.13399999999957 
22.845999999999997 
10.695999999999966 
19.82000000000008 
-66.07600000000009 
22.365999999999946 
21.84999999999983 
22.623999999999903 
18.408000000000182 
35.59 
19.3700000000001 
21.42399999999987 
12.370000000000065 
23.385999999999928 
-29.396 
19.70799999999963 
-63.48200000000005 
16.90200000000007 
23.31999999999998 
17.483999999999938 
-59.970000000000105 
-29.253999999999998 
21.43999999999977 
21.117999999999874 
25.267999999999923 
16.258000000000088 
16.59600000000011 
22.88999999999973 
-64.80199999999941 
21.80199999999995 
21.274000000000015 
21.328000000000127 
35.516 
-29.342 
-57.735999999999905 
24.421999999999933 
17.194000000000372 
35.512 
19.978000000000343 
23.14799999999986 
26.07400000000001 
-69.84399999999978 
-61.402000000000044 
-29.413999999999998 
35.636 
-49.952 
-65.15599999999996 
-56.91399999999987 
17.260000000000318 
-54.30599999999998 
17.23000000000031 
14.53399999999987 
19.216000000000008 
-57.1479999999999 
17.250000000000313 
9.253999999999774 
26.379999999999953 
14.125999999999964 
17.388000000000233 
11.958000000000233 
-59.69799999999992 
17.442000000000238 
17.383999999999876 
35.644 
21.49799999999998 
22.657999999999838 
-51.786 
-35.50799999999993 
13.078000000000717 
23.571999999999974 
20.179999999999907 
18.618000000000293 
17.461999999999897 
17.41600000000041 
24.905999999999924 
22.02199999999991 
-54.226000000000006 
35.192 
-62.44799999999998 
35.416 
-62.85999999999996 
-63.33199999999972 
-53.778000000000006 
20.509999999999856 
22.37599999999999 
17.768000000000306 
11.778000000000002 
-57.57599999999992 
20.25399999999994 
15.564000000000346 
16.112000000000297 
-28.84 
35.25 
18.122000000000085 
14.51400000000075 
21.160000000000217 
21.423999999999815 
-67.49200000000025 
-65.16799999999945 
24.327999999999975 
22.517999999999923 
23.18199999999994 
19.690000000000346 
35.57 
14.368000000000395 
-66.3679999999996 
19.285999999999873 
22.101999999999904 
15.50599999999988 
35.542 
-29.348 
21.124000000000013 
14.408000000000046 
-35.851999999999954 
19.771999999999778 
21.264000000000113 
25.72199999999991 
-66.59400000000016 
16.111999999999846 
-28.77 
-67.7819999999997 
18.27800000000031 
-36.097999999999914 
35.612 
20.73199999999992 
20.835999999999704 
19.384000000000185 
-64.98799999999981 
23.661999999999974 
19.06599999999976 
-29.372 
35.976 
22.554000000000062 
19.03199999999981 
-66.1099999999997 
-64.67600000000007 
16.397999999999975 
-66.54999999999933 
24.753999999999873 
24.128000000000025 
-29.392 
18.859999999999747 
16.16599999999997 
35.668 
19.652000000000207 
35.336 
35.568 
23.25000000000002 
29.850000000000005 
18.17000000000016 
-29.362 
18.71599999999971 
24.44999999999987 
18.53800000000031 
-29.586 
20.82199999999975 
24.566000000000088 
-62.92000000000027 
22.563999999999936 
17.182000000000414 
17.68600000000015 
20.457999999999863 
24.285999999999998 
-68.16599999999939 
-60.17199999999992 
-29.078 
27.276000000000025 
20.702000000000226 
19.165999999999954 
-34.219999999999985 
-58.09799999999993 
22.524000000000107 
23.337999999999788 
-29.554 
20.94400000000001 
19.659999999999926 
18.884000000000142 
30.217999999999993 
22.433999999999976 
7.738000000000028 
35.524 
23.36 
49.762 
21.84400000000005 
-29.951999999999998 
21.513999999999847 
35.88 
16.868000000000563 
-50.548 
22.612 
25.6379999999999 
21.304000000000016 
19.680000000000078 
19.461999999999804 
25.931999999999952 
-65.1860000000002 
36.08 
13.309999999999917 
19.159999999999876 
-59.87799999999993 
19.33600000000023 
35.566 
35.382 
12.872000000000028 
22.88199999999998 
21.568000000000147 
19.193999999999917 
19.955999999999896 
-63.07800000000013 
15.958000000000041 
18.062000000000403 
23.75800000000001 
20.442 
20.36200000000013 
16.59000000000003 
50.498 
-29.36 
11.148000000000128 
18.0679999999996 
22.587999999999997 
35.782000000000004 
20.78399999999983 
24.329999999999938 
-66.82400000000018 
15.462000000000337 
18.65400000000016 
21.289999999999793 
35.568 
23.035999999999945 
-29.22 
-31.862 
15.008000000000388 
-64.76799999999989 
-29.372 
50.056 
-65.53799999999956 
-58.585999999999885 
-32.11599999999999 
18.348000000000173 
22.99400000000005 
35.594 
35.532000000000004 
25.305999999999898 
22.301999999999886 
-28.964 
26.027999999999974 
21.19200000000005 
20.842000000000187 
13.985999999999958 
28.283999999999992 
16.45000000000004 
20.149999999999974 
-59.89800000000004 
19.10799999999991 
19.637999999999984 
24.68599999999993 
-66.00200000000001 
-58.5519999999999 
-29.402 
22.151999999999994 
20.35600000000008 
-29.988 
17.998000000000033 
-29.386 
19.859999999999737 
16.61200000000005 
-57.705999999999975 
21.84000000000013 
15.698000000000356 
35.682 
-53.896 
-59.529999999999916 
15.765999999999787 
26.437999999999978 
-53.18599999999987 
18.473999999999805 
29.355999999999998 
19.852000000000018 
22.366000000000017 
-50.692 
20.27800000000025 
-60.201999999999714 
-53.507999999999996 
15.091999999999832 
18.90800000000047 
20.536000000000023 
27.703999999999876 
13.598000000000212 
22.916000000000025 
28.505999999999958 
20.76199999999974 
19.68000000000025 
35.5 
24.06600000000001 
22.09200000000013 
21.68599999999988 
30.192 
19.17199999999997 
-69.86399999999975 
23.030000000000186 
21.074000000000037 
14.089999999999842 
-60.45599999999997 
18.85600000000028 
14.808000000000126 
22.44199999999997 
18.231999999999836 
21.25600000000003 
35.410000000000004 
-60.779999999999966 
-29.022 
34.564 
20.359999999999996 
13.64400000000012 
14.094000000000328 
13.387999999999625 
20.51400000000001 
20.336000000000276 
17.180000000000152 
26.159999999999965 
16.039999999999804 
13.438000000000045 
35.352 
17.019999999999868 
18.195999999999863 
-67.76999999999974 
17.192000000000462 
18.547999999999995 
19.932000000000087 
16.991999999999948 
18.647999999999783 
-29.828 
18.486000000000267 
-55.16599999999996 
26.930000000000003 
18.3540000000004 
19.23400000000027 
15.973999999999924 
35.394 
22.329999999999885 
24.047999999999895 
35.496 
23.97599999999989 
35.726 
16.164000000000325 
-29.349999999999998 
22.67199999999988 
19.721999999999976 
35.486 
17.068000000000318 
18.56200000000029 
17.03799999999992 
50.696 
21.240000000000116 
16.75000000000025 
-57.46399999999991 
20.006000000000057 
35.544 
-29.07 
21.798000000000094 
19.708000000000112 
18.056000000000218 
-63.16000000000005 
-65.01800000000034 
21.269999999999744 
13.202000000000307 
24.581999999999997 
-66.09199999999984 
18.1040000000004 
15.705999999999829 
24.344000000000037 
-60.01399999999998 
26.12599999999999 
19.640000000000036 
-61.23199999999981 
22.91800000000014 
-53.859999999999985 
22.565999999999846 
19.77400000000005 
-29.445999999999998 
16.9480000000001 
-29.669999999999998 
22.28399999999998 
21.891999999999896 
18.276000000000025 
-55.20800000000001 
21.662000000000106 
22.7900000000001 
22.727999999999845 
22.101999999999933 
20.998000000000026 
20.177999999999876 
-59.12800000000004 
15.06799999999996 
35.636 
18.53199999999991 
13.783999999999757 
25.187999999999832 
26.476000000000003 
20.9660000000001 
-53.83799999999997 
17.177999999999972 
21.971999999999923 
13.688000000000173 
20.92199999999981 
35.466 
20.79600000000002 
18.941999999999943 
21.674000000000046 
16.585999999999878 
-66.29399999999988 
23.998000000000008 
18.707999999999977 
21.941999999999968 
25.24199999999992 
26.950000000000095 
13.908000000000083 
-28.996 
-68.2460000000001 
26.122000000000007 
24.00200000000004 
18.297999999999874 
-29.252 
20.026000000000167 
-29.134 
22.740000000000126 
50.784 
19.778000000000063 
-37.86199999999974 
35.68 
24.401999999999937 
27.76600000000007 
17.736000000000146 
13.16599999999989 
22.361999999999924 
35.49 
19.315999999999875 
20.068000000000048 
21.55399999999993 
-67.10200000000009 
20.190000000000126 
16.0000000000002 
35.456 
15.931999999999885 
35.598 
27.347999999999917 
35.264 
-29.564 
19.649999999999913 
21.68200000000003 
28.283999999999953 
17.810000000000244 
23.30000000000011 
-29.586 
19.938000000000322 
19.43799999999986 
17.5339999999999 
35.82 
-29.476 
18.853999999999896 
16.62600000000008 
13.932000000000269 
35.612 
14.032000000000833 
18.48400000000026 
34.96 
35.35 
21.97399999999974 
13.552000000000294 
22.000000000000043 
18.095999999999897 
20.25599999999974 
21.889999999999965 
35.626 
21.695999999999948 
23.045999999999992 
23.624000000000017 
-28.91 
24.393999999999963 
30.781999999999957 
24.79199999999995 
25.545999999999946 
23.02000000000007 
35.65 
50.6 
23.191999999999915 
-29.086 
50.462 
23.293999999999983 
20.636000000000074 
-66.19799999999991 
35.592 
-29.362 
19.817999999999955 
35.558 
35.584 
50.454 
17.917999999999978 
35.648 
-57.55999999999999 
-29.204 
22.056000000000232 
23.095999999999762 
20.116000000000007 
12.936000000000526 
-29.618 
-58.39799999999991 
50.428 
23.27600000000001 
-35.327999999999825 
23.01800000000006 
-29.38 
-66.81599999999992 
35.458 
20.659999999999947 
-66.80199999999957 
22.01199999999994 
35.48 
25.38999999999996 
-29.55 
23.075999999999823 
18.116000000000252 
19.711999999999943 
21.8779999999999 
-59.73200000000001 
24.226 
20.327999999999932 
-59.56199999999976 
35.412 
19.953999999999805 
35.688 
25.419999999999835 
35.054 
21.088000000000022 
18.94800000000008 
14.97400000000009 
21.237999999999822 
-54.993999999999986 
23.628000000000085 
21.03000000000002 
23.055999999999962 
35.59 
21.24999999999988 
27.418000000000035 
-58.96000000000012 
-29.462 
20.043999999999983 
14.06600000000043 
50.384 
26.535999999999948 
24.395999999999788 
17.175999999999924 
23.812000000000015 
19.602000000000007 
25.431999999999896 
-37.137999999999906 
-70.53599999999975 
20.711999999999918 
21.169999999999987 
24.204000000000114 
-63.25800000000012 
-52.921999999999976 
20.789999999999715 
50.472 
35.224000000000004 
23.15799999999973 
18.016000000000144 
21.547999999999824 
35.736 
-61.054 
20.07199999999937 
21.43199999999996 
20.796000000000078 
-29.3 
19.322000000000067 
13.326000000000185 
20.44200000000002 
17.499999999999964 
-71.60599999999957 
17.672000000000367 
23.282000000000068 
19.559999999999924 
17.661999999999782 
50.526 
12.782000000000444 
18.38799999999991 
50.466 
22.894000000000013 
-68.2200000000003 
20.328000000000024 
21.3240000000001 
35.364 
24.384 
35.35 
22.255999999999958 
35.542 
25.03200000000006 
13.4920000000003 
35.502 
-29.375999999999998 
28.44999999999982 
20.609999999999935 
35.572 
21.36400000000004 
35.646 
25.883999999999837 
-64.70999999999968 
-31.924 
-29.416 
19.1759999999999 
27.124000000000038 
35.64 
-37.999999999999986 
17.34600000000028 
-66.58799999999981 
24.79200000000001 
-51.49 
12.464000000000162 
17.158000000000527 
35.552 
23.48800000000003 
24.154 
24.061999999999834 
23.31600000000003 
25.61600000000019 
21.59399999999991 
-34.907999999999916 
24.560000000000066 
20.706000000000014 
-59.159999999999904 
50.46 
23.788000000000004 
18.93199999999988 
-55.66200000000001 
14.415999999999705 
23.78599999999995 
18.804000000000315 
21.07199999999995 
19.713999999999864 
14.324000000000419 
22.59200000000014 
22.01199999999986 
-34.60599999999975 
16.933999999999997 
24.295999999999914 
10.266000000000474 
21.49200000000007 
50.018 
15.950000000000289 
35.67 
23.739999999999938 
22.493999999999833 
26.053999999999846 
23.26600000000003 
26.530000000000154 
50.584 
22.313999999999847 
24.26999999999997 
-53.464000000000006 
50.322 
26.920000000000048 
21.91199999999977 
35.606 
-56.03199999999994 
50.504 
-66.94799999999894 
35.682 
35.692 
19.174000000000085 
24.11400000000002 
-56.013999999999946 
24.88999999999989 
35.456 
35.404 
49.98 
33.98800000000001 
27.649999999999903 
20.77000000000016 
-53.653999999999996 
35.582 
35.5 
-66.63599999999947 
23.738000000000063 
22.60799999999972 
25.122000000000103 
24.08800000000014 
17.49200000000038 
18.455999999999754 
35.52 
24.263999999999854 
23.839999999999947 
35.546 
25.921999999999883 
35.516 
25.82600000000012 
-29.53 
15.678000000000042 
25.122000000000007 
35.794000000000004 
35.51 
21.851999999999915 
35.89 
-49.123999999999995 
24.406000000000017 
23.999999999999808 
-60.586 
-56.23599999999999 
21.45999999999995 
18.585999999999874 
26.23600000000002 
29.49000000000002 
-56.15399999999993 
50.486 
17.445999999999856 
20.07799999999998 
23.701999999999963 
25.803999999999874 
25.451999999999977 
22.24000000000027 
-54.282000000000004 
-29.506 
21.730000000000018 
25.681999999999935 
21.78800000000007 
-64.17200000000014 
-52.343999999999994 
25.463999999999817 
-50.67 
22.509999999999906 
22.180000000000213 
-60.9899999999998 
35.438 
21.79400000000001 
18.553999999999675 
35.668 
19.630000000000294 
-64.47400000000023 
35.504 
35.79 
21.935999999999773 
21.105999999999835 
18.19999999999995 
-59.88799999999995 
18.5799999999999 
-63.71199999999991 
24.676000000000172 
35.566 
35.498 
16.729999999999905 
25.77400000000008 
19.271999999999945 
22.288000000000203 
24.405999999999974 
-29.541999999999998 
35.394 
11.786000000000364 
18.69399999999993 
17.226000000000205 
-59.91199999999975 
18.402000000000356 
23.15600000000019 
35.6 
23.566000000000038 
27.64800000000002 
35.454 
35.614 
-29.444 
25.38399999999989 
35.31 
35.374 
35.492 
24.364000000000097 
-29.566 
-29.284 
-68.71199999999965 
-58.2359999999999 
35.382 
35.62 
-61.33399999999968 
21.80199999999988 
34.974 
50.404 
-52.900000000000034 
-66.80999999999955 
23.198000000000096 
35.52 
18.01600000000003 
-63.90000000000005 
35.386 
-55.61200000000018 
-66.37799999999949 
19.76599999999994 
35.488 
49.936 
25.11600000000005 
50.364 
15.202000000000282 
23.228000000000076 
35.456 
35.32 
-56.21399999999995 
16.6280000000003 
-32.808 
35.48 
50.266 
-59.879999999999995 
35.554 
35.402 
24.266000000000023 
14.4420000000003 
35.48 
35.654 
15.965999999999871 
17.938000000000216 
15.55000000000024 
19.63799999999994 
-61.19199999999988 
50.452 
-61.48199999999999 
-35.71999999999992 
-52.656 
-29.394 
24.62599999999999 
22.080000000000098 
23.11200000000007 
35.248 
21.458000000000148 
23.23000000000011 
23.515999999999934 
-33.46799999999992 
35.394 
26.412000000000106 
35.238 
35.644 
35.568 
-34.56799999999983 
-56.03399999999988 
23.898000000000078 
20.540000000000077 
20.726000000000372 
21.382000000000097 
22.30600000000026 
28.05599999999983 
35.618 
22.661999999999935 
35.292 
20.07200000000001 
35.56 
20.80399999999999 
20.188000000000134 
-35.234000000000016 
17.476000000000123 
21.61400000000002 
35.706 
50.238 
50.32 
-57.00799999999987 
20.52999999999996 
35.43 
35.464 
35.622 
-59.20799999999994 
35.612 
19.704000000000054 
26.45799999999993 
21.99999999999998 
35.638 
35.67 
19.98800000000003 
50.35 
21.730000000000253 
-56.018 
21.460000000000143 
-60.46599999999997 
-34.85599999999996 
35.304 
18.615999999999993 
24.647999999999886 
16.743999999999787 
20.375999999999898 
15.884000000000006 
17.30399999999993 
20.1319999999998 
22.867999999999967 
35.604 
25.683999999999912 
25.71600000000004 
21.68600000000015 
18.310000000000013 
50.376 
35.43 
18.49000000000003 
-52.546 
18.21000000000005 
18.971999999999973 
35.496 
35.662 
21.76599999999994 
35.46 
16.535999999999845 
19.978000000000225 
35.544 
17.31399999999993 
35.324 
35.696 
-35.491999999999955 
20.442000000000196 
15.39399999999973 
-29.476 
35.354 
50.46 
35.54 
35.35 
16.38000000000025 
24.117999999999903 
-61.32599999999997 
22.706000000000017 
35.414 
-59.812000000000026 
-59.79999999999993 
24.93799999999996 
50.154 
-32.76599999999999 
35.486 
-51.96 
35.39 
24.918 
35.456 
-61.10799999999986 
35.302 
35.226 
35.238 
21.56000000000016 
23.35800000000007 
26.999999999999982 
26.696000000000137 
22.40800000000012 
35.856 
35.674 
-60.231999999999985 
35.48 
23.57800000000008 
22.16200000000004 
19.510000000000012 
35.43 
35.498 
35.32 
50.324 
-29.432 
35.608 
21.445999999999895 
35.668 
49.91 
24.217999999999787 
-51.036 
-29.576 
21.051999999999893 
50.498 
24.276000000000007 
25.035999999999994 
22.199999999999992 
35.376 
35.69 
35.422 
29.584000000000007 
35.548 
35.45 
22.210000000000278 
22.456000000000007 
50.248 
19.55399999999997 
24.552000000000127 
20.549999999999734 
23.2160000000001 
-37.27199999999991 
35.52 
22.14199999999971 
29.312000000000094 
35.47 
35.554 
16.229999999999976 
50.228 
35.51 
-63.371999999999545 
23.226000000000028 
19.051999999999943 
-52.546 
35.438 
35.882 
50.368 
30.220000000000013 
35.746 
35.418 
25.51600000000012 
-51.634 
35.466 
23.393999999999966 
25.976000000000024 
24.664000000000126 
25.468000000000117 
19.068000000000218 
35.466 
24.4120000000003 
35.29 
23.85999999999998 
35.49 
35.432 
22.154000000000206 
35.464 
20.941999999999936 
22.810000000000237 
20.165999999999713 
25.299999999999983 
23.246000000000144 
25.28400000000012 
21.954000000000082 
23.879999999999924 
35.410000000000004 
22.187999999999867 
21.108000000000224 
49.926 
19.80399999999986 
35.31 
35.434 
22.195999999999934 
35.5 
-67.121999999999 
35.75 
35.266 
50.436 
35.314 
35.65 
24.836000000000045 
24.29200000000009 
35.418 
35.454 
25.472000000000115 
50.426 
21.748000000000193 
18.854000000000084 
24.265999999999934 
35.394 
-59.046 
-57.573999999999884 
23.284000000000074 
22.777999999999956 
35.334 
35.716 
35.422 
35.558 
28.085999999999984 
35.696 
21.191999999999773 
35.254 
-55.27599999999997 
25.00400000000008 
25.250000000000153 
24.86399999999989 
35.516 
35.6 
35.514 
26.24800000000007 
22.84399999999993 
50.686 
35.806 
35.574 
35.446 
35.486 
23.743999999999964 
21.942000000000014 
-51.29 
20.582000000000225 
25.632000000000033 
24.529999999999983 
30.406000000000095 
35.316 
35.45 
35.522 
-58.41600000000001 
-56.4299999999998 
35.49 
21.851999999999954 
19.770000000000074 
35.388 
25.061999999999646 
35.46 
29.415999999999908 
-57.38799999999989 
35.406 
-58.69999999999989 
35.618 
35.64 
34.98 
35.204 
23.254000000000083 
23.12799999999982 
24.224000000000185 
35.418 
35.038 
25.5340000000001 
35.5 
24.45600000000009 
24.70600000000017 
23.134000000000057 
35.498 
27.880000000000003 
35.372 
50.38 
35.868 
24.811999999999998 
23.433999999999745 
35.18 
28.994000000000103 
35.376 
20.8540000000003 
35.152 
50.126 
35.292 
35.346000000000004 
35.474000000000004 
35.464 
50.472 
26.679999999999993 
35.678 
26.818000000000097 
27.924000000000074 
35.49 
24.374000000000116 
35.654 
-55.461999999999975 
22.615999999999996 
34.962 
35.558 
22.33799999999976 
35.6 
25.350000000000023 
35.392 
35.658 
20.461999999999993 
29.89800000000005 
35.626 
50.410000000000004 
35.402 
35.45 
27.680000000000014 
35.462 
50.448 
50.26 
22.913999999999852 
30.02400000000002 
24.050000000000143 
50.216 
22.927999999999845 
35.436 
35.25 
35.05 
35.374 
26.756000000000018 
27.893999999999984 
35.34 
35.832 
35.206 
22.73200000000005 
50.036 
35.354 
20.31799999999999 
35.488 
35.404 
-33.664 
-53.310000000000024 
29.70199999999999 
28.07999999999987 
35.55 
27.789999999999907 
35.26 
-34.93 
23.62799999999987 
35.582 
50.102 
24.615999999999918 
24.511999999999972 
27.164000000000065 
35.572 
-35.254000000000076 
35.494 
26.49600000000007 
27.85400000000001 
35.02 
-51.504 
28.63400000000001 
26.284000000000074 
35.548 
26.685999999999993 
35.412 
-34.64799999999986 
35.392 
35.228 
35.39 
23.157999999999937 
29.543999999999983 
35.348 
27.142000000000024 
27.160000000000064 
50.196 
24.122000000000043 
26.734000000000005 
27.20400000000005 
28.146000000000036 
-55.319999999999965 
35.418 
20.787999999999982 
25.262000000000036 
26.139999999999965 
35.298 
-38.216000000000285 
31.091999999999945 
35.404 
27.54399999999979 
29.55799999999996 
35.394 
-31.898 
25.957999999999807 
35.394 
-32.981999999999886 
35.516 
50.184 
50.304 
26.980000000000132 
50.19 
21.233999999999796 
35.672 
35.476 
26.271999999999817 
19.14199999999996 
29.535999999999973 
25.507999999999804 
35.408 
35.268 
26.264000000000145 
35.346000000000004 
50.43 
31.29200000000001 
-32.62599999999991 
35.226 
21.91999999999986 
-32.27199999999999 
35.334 
35.494 
18.033999999999757 
35.62 
25.950000000000077 
-52.796 
35.108 
50.118 
50.28 
-34.16399999999985 
35.374 
25.11200000000013 
35.372 
50.292 
35.578 
49.754 
35.282000000000004 
26.531999999999872 
-29.528 
35.46 
25.35800000000006 
35.384 
35.702 
35.35 
-35.96199999999995 
22.34 
35.19 
-54.98399999999998 
35.408 
24.235999999999976 
35.628 
-31.979999999999993 
35.444 
25.805999999999898 
35.53 
35.38 
22.020000000000046 
23.641999999999967 
35.434 
35.686 
31.60999999999998 
50.446 
50.296 
35.522 
35.416 
35.274 
35.514 
49.988 
30.727999999999952 
35.314 
-29.598 
35.422 
35.322 
21.633999999999986 
35.422 
35.22 
35.258 
35.646 
27.810000000000066 
35.44 
35.29 
24.79600000000009 
35.266 
26.451999999999988 
35.566 
35.34 
-57.96599999999986 
27.989999999999988 
30.555999999999987 
35.19 
35.462 
35.42 
35.574 
35.236 
-29.477999999999998 
35.478 
-54.79999999999998 
-59.27199999999995 
-57.88199999999997 
-59.36200000000018 
34.84 
-34.15199999999997 
25.293999999999997 
-38.25599999999993 
31.562 
35.104 
50.316 
26.216000000000015 
-55.98199999999998 
29.419999999999987 
26.15800000000008 
35.636 
35.474000000000004 
35.284 
-58.78599999999989 
19.274000000000157 
-59.242000000000026 
35.56 
28.156000000000034 
35.578 
35.266 
34.846000000000004 
-62.30999999999967 
-63.07199999999998 
35.362 
35.456 
34.816 
35.274 
23.260000000000144 
27.24799999999993 
35.304 
35.64 
25.415999999999766 
-64.59400000000039 
-57.026 
29.0 
35.402 
27.434000000000033 
27.650000000000198 
25.861999999999945 
-34.64800000000001 
26.75 
26.457999999999963 
30.37 
35.316 
28.13600000000001 
50.296 
35.448 
-53.422 
35.59 
50.016 
35.33 
-34.58799999999984 
24.536000000000172 
28.9480000000001 
35.49 
-59.83399999999983 
35.208 
50.296 
-57.95399999999988 
28.731999999999996 
50.35 
23.96999999999997 
35.414 
-60.136000000000045 
50.328 
-35.991999999999955 
21.422000000000033 
-58.885999999999896 
22.367999999999903 
35.496 
35.394 
-55.329999999999984 
35.384 
35.242 
22.536000000000097 
-56.01599999999992 
-58.22999999999999 
-59.803999999999704 
28.58399999999999 
35.486 
24.86800000000014 
35.31 
35.474000000000004 
35.346000000000004 
50.098 
35.402 
35.42 
50.388 
-38.06999999999997 
35.35 
35.666000000000004 
50.202 
-57.520000000000024 
35.446 
35.492 
22.035999999999916 
35.238 
35.26 
-52.93600000000001 
-33.735999999999954 
35.362 
28.526000000000014 
35.644 
50.11 
35.462 
28.012000000000118 
26.81800000000007 
-56.719999999999914 
19.710000000000157 
35.344 
35.452 
35.384 
25.07400000000011 
35.38 
35.27 
35.472 
29.532 
35.454 
-59.956000000000145 
49.892 
35.344 
50.232 
22.38399999999999 
35.388 
35.292 
27.054000000000084 
35.434 
35.56 
-55.22199999999996 
23.150000000000166 
24.309999999999967 
26.721999999999994 
-67.7879999999994 
-57.909999999999904 
27.165999999999922 
35.72 
24.408000000000154 
35.392 
35.54 
35.252 
35.354 
50.352000000000004 
20.597999999999963 
23.477999999999806 
50.3 
50.044 
35.354 
28.734000000000098 
50.126 
35.156 
35.452 
26.6699999999999 
26.44199999999971 
-60.60000000000003 
24.73599999999996 
28.372000000000014 
26.920000000000023 
35.552 
31.46000000000004 
29.326000000000036 
35.362 
50.32 
35.694 
27.450000000000053 
22.2140000000001 
-55.639999999999894 
35.344 
-58.00199999999978 
25.791999999999955 
35.364 
29.55600000000007 
35.496 
50.376 
35.152 
35.482 
35.222 
27.02800000000003 
35.606 
27.457999999999977 
-30.28799999999999 
35.516 
27.899999999999896 
35.366 
35.278 
26.827999999999932 
35.326 
35.356 
35.23 
35.398 
25.489999999999892 
22.567999999999934 
35.364 
31.002000000000002 
35.464 
35.524 
25.42600000000003 
23.265999999999696 
35.382 
27.716000000000115 
25.448000000000167 
-54.39 
35.482 
29.220000000000002 
35.578 
26.536000000000016 
50.114 
35.428 
24.637999999999963 
23.122000000000007 
27.274000000000054 
35.518 
29.632000000000037 
50.524 
35.336 
25.472000000000115 
30.34800000000002 
-58.03599999999983 
35.416 
29.99199999999999 
23.67600000000004 
35.396 
23.662000000000067 
24.34200000000018 
-30.395999999999994 
31.58599999999995 
26.641999999999992 
26.572000000000184 
35.544 
50.132 
25.116000000000067 
34.926 
29.76600000000002 
50.254 
35.634 
27.257999999999967 
-33.417999999999815 
-34.45400000000015 
35.154 
27.6760000000001 
29.104000000000042 
35.38 
35.586 
35.446 
23.296000000000006 
25.372000000000085 
35.604 
35.714 
25.8840000000001 
35.138 
26.830000000000187 
35.43 
-33.93799999999986 
35.348 
35.338 
28.90800000000005 
35.414 
35.292 
22.54600000000015 
35.466 
35.338 
-35.27800000000012 
35.722 
25.70599999999999 
35.244 
25.187999999999825 
-62.55200000000005 
35.414 
26.666000000000068 
35.522 
35.63 
-29.608 
35.286 
35.382 
50.196 
-29.672 
50.178 
25.5 
50.064 
35.34 
26.228000000000065 
-29.468 
25.749999999999957 
22.573999999999998 
35.344 
25.0920000000001 
35.61 
24.128000000000114 
26.66000000000005 
35.43 
35.18 
35.49 
30.12399999999999 
35.18 
35.468 
-62.521999999999984 
27.177999999999912 
35.32 
21.46800000000001 
24.034000000000145 
35.368 
35.652 
-29.656 
-32.916 
35.48 
35.44 
35.402 
25.313999999999982 
35.402 
35.532000000000004 
-57.522000000000055 
35.388 
26.45000000000013 
25.026000000000156 
22.945999999999934 
35.416000000000004 
35.392 
-29.252 
23.562000000000115 
35.376 
50.23 
50.036 
35.228 
35.1 
18.621999999999915 
35.308 
35.346000000000004 
24.6560000000001 
20.586000000000165 
29.833999999999968 
26.35799999999999 
35.34 
26.74800000000012 
28.526000000000057 
35.398 
25.768000000000264 
35.47 
24.76800000000022 
26.250000000000153 
35.454 
25.826000000000015 
50.198 
35.534 
35.49 
29.112000000000112 
24.45399999999988 
50.334 
25.369999999999933 
31.092000000000102 
35.046 
28.40399999999983 
29.802000000000014 
35.332 
35.192 
29.35600000000009 
26.858000000000036 
22.76600000000009 
35.456 
30.47600000000005 
23.312000000000026 
35.364 
25.32400000000012 
35.338 
35.384 
35.348 
35.534 
35.358 
35.508 
27.900000000000034 
-60.41399999999999 
35.52 
35.506 
27.62800000000004 
35.482 
35.49 
35.362 
35.712 
35.32 
35.354 
23.20200000000007 
35.486 
35.408 
35.524 
25.752000000000244 
35.604 
35.356 
35.202 
35.412 
-59.57200000000004 
35.59 
-35.32199999999984 
34.996 
27.242000000000065 
35.58 
26.155999999999853 
27.004000000000076 
35.574 
25.17200000000004 
35.398 
35.456 
31.010000000000016 
35.352 
35.206 
35.376 
25.49000000000007 
25.586000000000084 
35.394 
35.206 
27.936000000000035 
35.546 
23.20400000000002 
35.484 
28.46000000000001 
35.412 
35.382 
26.15000000000007 
24.38800000000016 
-57.69799999999975 
50.326 
27.19799999999995 
21.60200000000006 
35.276 
22.82600000000005 
35.64 
35.38 
35.5 
27.51400000000004 
35.544 
50.264 
35.486 
26.09399999999995 
35.33 
25.66400000000005 
25.552000000000035 
23.5020000000001 
23.278000000000052 
24.134000000000086 
24.719999999999807 
35.49 
26.222000000000115 
35.3 
27.653999999999975 
35.528 
35.378 
35.356 
23.92800000000014 
50.574 
27.53600000000011 
28.470000000000006 
35.438 
27.414000000000094 
-54.887999999999955 
27.452000000000197 
50.376 
-36.98399999999998 
24.50399999999982 
29.772000000000073 
35.22 
35.428 
30.114000000000004 
35.44 
24.9240000000001 
50.31 
25.719999999999985 
35.52 
30.27999999999999 
50.192 
-33.147999999999875 
30.708000000000002 
23.912000000000134 
25.416 
24.160000000000085 
24.170000000000027 
34.988 
35.628 
35.278 
35.404 
35.342 
23.610000000000106 
35.58 
34.896 
-29.419999999999998 
35.194 
-57.98399999999977 
35.264 
22.97600000000006 
29.004 
26.56 
35.352 
24.128000000000227 
35.382 
23.568000000000204 
-28.319999999999965 
23.13000000000008 
35.392 
50.018 
23.714000000000063 
25.556000000000086 
35.494 
35.328 
23.327999999999882 
35.514 
25.146000000000054 
-59.74800000000002 
50.288000000000004 
35.444 
-35.05199999999988 
35.324 
26.047999999999945 
24.460000000000004 
25.864000000000114 
23.12200000000017 
35.414 
35.296 
29.628000000000004 
22.838000000000186 
50.09 
23.28800000000004 
26.674 
35.402 
25.910000000000224 
26.143999999999988 
35.546 
27.93399999999997 
26.48200000000014 
25.89400000000014 
28.80400000000004 
50.362 
24.104 
35.516 
35.342 
49.982 
22.848000000000045 
35.34 
29.702 
35.414 
35.462 
25.77800000000004 
25.81799999999996 
25.96800000000011 
50.282000000000004 
35.246 
50.4 
35.462 
34.27000000000006 
35.486 
-57.58999999999989 
25.85999999999999 
50.062 
35.516 
35.434 
35.55 
35.458 
18.469999999999917 
35.222 
25.624000000000244 
35.4 
50.496 
50.2 
35.674 
35.588 
30.140000000000022 
27.67400000000002 
35.362 
35.38 
19.78199999999992 
27.89799999999996 
35.306 
35.436 
24.51600000000012 
35.302 
35.446 
35.348 
28.15 
-57.772000000000034 
35.308 
27.23800000000002 
25.428000000000075 
35.44 
35.52 
20.70800000000021 
23.190000000000232 
35.408 
35.344 
-57.149999999999906 
50.23 
49.742 
35.378 
35.412 
50.398 
24.93800000000005 
26.05599999999998 
21.536000000000012 
35.572 
35.314 
22.178000000000083 
27.741999999999994 
35.452 
35.372 
35.4 
35.412 
23.139999999999926 
35.352 
50.19 
25.215999999999994 
-59.75599999999994 
26.522 
35.306 
35.038 
35.066 
35.410000000000004 
35.376 
29.724000000000004 
35.27 
-57.701999999999735 
35.52 
20.396000000000157 
35.202 
35.346000000000004 
35.418 
25.092000000000127 
35.508 
26.228000000000083 
26.436000000000085 
25.44400000000008 
35.23 
23.600000000000012 
23.41800000000027 
35.58 
35.386 
35.306 
35.404 
23.386000000000074 
25.22400000000001 
23.030000000000133 
-58.971999999999916 
35.156 
35.456 
35.324 
35.408 
28.470000000000148 
23.850000000000207 
49.956 
35.35 
35.46 
23.536000000000126 
29.7100000000001 
27.290000000000028 
50.206 
24.768000000000022 
35.542 
28.457999999999945 
50.088 
35.43 
-29.378 
50.256 
25.206 
35.376 
50.334 
-52.315999999999995 
34.996 
35.424 
-58.11799999999988 
28.06000000000002 
24.27199999999994 
50.082 
35.532000000000004 
21.01200000000022 
35.564 
-29.701999999999998 
35.38 
35.562 
35.504 
35.362 
35.486 
35.068 
35.408 
35.376 
25.99600000000006 
50.212 
-59.421999999999784 
-32.919999999999995 
-55.49399999999996 
28.24600000000015 
-52.118 
25.35200000000026 
34.918 
35.634 
28.622000000000185 
35.008 
26.7400000000001 
50.056 
35.35 
35.674 
21.06200000000005 
35.514 
-29.462 
25.89800000000004 
35.628 
50.246 
50.094 
-35.043999999999926 
-56.22399999999993 
35.42 
25.117999999999938 
49.88 
35.064 
50.192 
25.868000000000077 
35.414 
-32.90399999999991 
50.442 
35.37 
25.80800000000001 
35.3 
26.284000000000002 
35.378 
26.79800000000001 
-57.44599999999989 
35.406 
35.42 
50.15 
25.09000000000006 
35.37 
35.514 
35.054 
25.324000000000005 
35.576 
35.48 
35.452 
35.302 
50.302 
23.628000000000007 
35.160000000000004 
28.052000000000014 
35.362 
35.36 
-56.37199999999992 
31.894000000000002 
35.53 
26.59800000000013 
35.308 
35.386 
35.438 
35.39 
-54.58 
50.004 
26.908000000000072 
26.436000000000114 
34.938 
35.314 
-54.62799999999994 
50.410000000000004 
35.358 
35.546 
35.172 
24.353999999999996 
23.786000000000225 
35.344 
35.424 
25.266000000000105 
35.042 
35.306 
35.342 
23.208000000000027 
24.115999999999953 
35.524 
50.156 
35.42 
35.3 
-33.43599999999985 
35.304 
35.27 
35.364 
35.478 
35.31 
22.38800000000002 
26.5799999999999 
35.364 
23.984000000000027 
35.438 
26.10800000000006 
35.386 
50.322 
-35.36999999999986 
-37.172000000000075 
28.623999999999995 
35.296 
26.316000000000315 
35.58 
23.89400000000022 
21.06999999999993 
25.367999999999917 
35.4 
24.305999999999987 
35.246 
35.49 
35.216 
35.312 
25.501999999999995 
35.49 
35.59 
50.144 
23.279999999999887 
35.276 
26.85400000000001 
50.29 
35.34 
35.346000000000004 
35.392 
35.586 
23.392000000000326 
25.651999999999866 
-37.25399999999981 
23.56000000000012 
35.36 
35.344 
35.236 
35.028 
35.278 
28.40800000000007 
35.264 
35.48 
21.264000000000102 
35.38 
23.508000000000337 
35.38 
50.098 
35.354 
35.388 
24.448000000000242 
27.439999999999973 
35.410000000000004 
35.308 
20.19200000000009 
35.49 
27.05400000000025 
26.1120000000002 
26.176000000000023 
29.15799999999996 
28.78000000000018 
35.494 
-33.70399999999989 
-54.84599999999996 
35.482 
35.32 
23.04800000000008 
35.484 
35.5 
35.546 
35.404 
29.99000000000003 
25.479999999999922 
27.82 
35.236 
-29.682 
21.595999999999968 
-57.11199999999973 
35.552 
27.30600000000003 
-55.029999999999966 
35.318 
35.454 
24.974000000000135 
35.32 
35.448 
35.514 
35.486 
-34.595999999999776 
35.37 
24.958000000000183 
35.466 
25.28800000000014 
25.061999999999916 
25.011999999999766 
29.216 
-34.16999999999997 
24.219999999999995 
27.03600000000005 
27.778000000000105 
23.73599999999998 
35.262 
35.418 
25.725999999999978 
26.650000000000073 
35.604 
-55.476000000000056 
35.52 
35.612 
23.642000000000063 
35.324 
23.267999999999915 
35.262 
26.855999999999995 
-37.265999999999934 
-34.768000000000036 
35.312 
35.448 
49.696 
35.482 
25.754000000000126 
35.416 
27.85200000000013 
35.532000000000004 
-35.013999999999804 
35.366 
-35.3559999999999 
-52.61599999999991 
35.48 
35.38 
35.394 
35.372 
35.344 
22.67999999999985 
35.414 
26.113999999999862 
25.061999999999983 
-57.09599999999996 
28.29799999999998 
-29.264 
35.54 
35.494 
25.844000000000236 
35.274 
25.558000000000025 
35.658 
29.873999999999942 
-34.16199999999978 
35.138 
35.37 
29.503999999999888 
-54.503999999999934 
28.794000000000015 
-56.54999999999971 
35.336 
35.68 
35.402 
26.188000000000276 
-51.85199999999998 
35.474000000000004 
50.332 
35.292 
35.26 
27.02199999999994 
35.266 
25.556000000000047 
26.963999999999928 
35.69 
35.554 
23.35600000000022 
35.318 
35.29 
-53.57799999999998 
35.346000000000004 
35.374 
28.676000000000016 
26.50800000000001 
35.39 
35.298 
50.132 
35.43 
26.737999999999943 
35.504 
35.464 
35.512 
35.222 
35.384 
28.12000000000022 
35.586 
35.388 
-53.84600000000002 
24.736000000000274 
35.354 
35.384 
35.52 
24.260000000000066 
35.512 
35.234 
22.376000000000204 
25.649999999999935 
-29.466 
50.582 
-35.19799999999981 
27.901999999999997 
35.394 
22.81799999999992 
35.248 
35.496 
35.368 
35.564 
35.422 
23.010000000000275 
27.594000000000246 
35.346000000000004 
35.304 
23.582000000000022 
21.994000000000227 
30.668000000000045 
24.227999999999987 
24.86800000000002 
26.03200000000008 
25.017999999999994 
35.25 
27.80200000000017 
35.44 
35.49 
24.512000000000025 
25.062000000000047 
50.186 
-34.74399999999991 
25.61200000000009 
35.498 
23.700000000000024 
35.304 
35.326 
28.742000000000004 
50.25 
35.02 
25.994000000000014 
-56.641999999999754 
22.231999999999832 
35.386 
28.984000000000037 
35.496 
27.734000000000073 
23.40600000000007 
24.329999999999938 
35.386 
50.422 
24.218000000000107 
35.316 
35.410000000000004 
35.02 
24.80399999999993 
35.646 
26.488000000000163 
-35.519999999999825 
35.428 
23.520000000000223 
35.194 
35.64 
26.127999999999936 
23.20000000000013 
35.374 
35.224000000000004 
-34.75600000000003 
50.308 
-53.47599999999999 
35.384 
35.466 
24.611999999999973 
35.424 
21.590000000000018 
35.088 
28.114000000000168 
35.746 
26.452000000000204 
35.328 
35.424 
34.988 
35.344 
-54.53600000000002 
25.603999999999964 
-36.405999999999864 
35.482 
-58.02399999999996 
27.048000000000258 
-55.21199999999973 
50.168 
26.22399999999994 
35.364 
35.37 
35.238 
35.478 
35.28 
26.014000000000078 
35.3 
26.82599999999984 
35.278 
35.352 
35.324 
-34.85400000000004 
27.006000000000007 
-29.298 
35.334 
-34.08799999999982 
35.476 
35.33 
35.352 
35.444 
35.134 
35.256 
-34.66599999999994 
26.55400000000011 
35.5 
35.378 
22.54200000000003 
35.458 
22.726000000000077 
35.466 
35.016 
23.227999999999973 
25.603999999999967 
-53.44399999999999 
28.124000000000052 
27.8520000000002 
-50.906 
24.838000000000093 
35.294 
20.896000000000086 
26.396000000000114 
35.704 
25.348000000000106 
35.434 
24.399999999999913 
25.146000000000058 
30.46 
35.332 
35.394 
34.826 
22.576000000000054 
-57.572000000000074 
29.49000000000001 
35.312 
35.37 
35.42 
23.01000000000009 
35.526 
35.32 
35.582 
-29.626 
35.382 
-52.258 
-33.482 
35.414 
35.33 
35.46 
25.596000000000128 
-55.67599999999997 
-34.555999999999855 
-33.10599999999998 
27.966000000000005 
50.14 
35.47 
26.33000000000012 
-55.854000000000006 
35.312 
35.432 
35.08 
-37.6779999999999 
35.548 
35.526 
35.016 
35.332 
-29.33 
35.302 
35.638 
24.29999999999994 
34.954 
35.34 
35.334 
35.242 
-57.61199999999988 
-56.3379999999998 
-55.199999999999804 
35.278 
-56.92799999999982 
35.188 
-56.31599999999985 
35.458 
24.165999999999816 
27.52800000000019 
35.254 
33.062 
