-47.019000000000005 
-46.51400000000002 
-48.612999999999985 
-45.38200000000004 
-47.793000000000006 
-47.297000000000004 
-28.264999999999997 
-43.21900000000002 
-49.485 
-49.12 
-47.504000000000005 
-46.98200000000001 
-46.287000000000035 
-49.424 
-48.00899999999999 
-47.042000000000016 
-46.004000000000026 
-46.719 
-46.47700000000002 
-48.121 
-46.885 
-49.545 
-48.861 
-46.46300000000002 
-48.330999999999975 
-48.556999999999995 
-48.956 
-47.856 
-45.00200000000004 
53.19299999999999 
-47.565000000000005 
-49.292 
-48.73999999999999 
-46.69500000000001 
-45.804000000000016 
-47.41600000000001 
-47.787000000000006 
-46.765000000000015 
-47.14600000000001 
-44.69100000000006 
-45.43800000000004 
-46.17400000000003 
-48.078 
-47.09900000000001 
-47.43600000000002 
-47.98999999999999 
-45.951000000000036 
-47.09800000000001 
-47.278000000000006 
-46.98800000000001 
-45.95700000000003 
37.59399999999995 
-44.37700000000007 
-47.72260000000001 
-46.524000000000015 
-46.929000000000016 
-49.19799999999999 
-45.50100000000002 
-48.414 
-45.92200000000001 
-47.34300000000001 
-27.31200000000002 
-48.586 
-47.581 
37.56200000000001 
-27.134000000000015 
35.892 
-44.16400000000006 
-47.13900000000001 
-48.091 
-48.107000000000006 
-45.74400000000003 
-47.21100000000001 
-45.201000000000036 
-27.161000000000026 
-47.18100000000001 
-46.70300000000001 
-49.679 
-48.537 
-48.46999999999999 
-46.75100000000002 
-48.601 
-48.285999999999994 
-47.786 
-45.418000000000035 
-46.39500000000004 
-44.927000000000035 
-49.461 
-46.333000000000006 
-47.403400000000005 
-49.622 
-45.41800000000005 
-45.51 
-49.454 
-48.147 
-46.92100000000003 
-49.331 
39.96499999999995 
-48.728999999999985 
36.420000000000016 
-27.762000000000008 
36.39100000000002 
-46.669000000000025 
-47.516999999999996 
-48.33399999999999 
-49.56 
-47.79900000000001 
-42.182000000000016 
39.06999999999994 
-45.71800000000004 
-44.11600000000006 
-46.32400000000003 
-46.759000000000015 
-48.656 
-46.47800000000002 
-48.167999999999985 
-46.00700000000001 
37.92900000000002 
53.54199999999996 
-46.870000000000026 
-48.96399999999999 
-43.688000000000095 
-46.55500000000002 
-49.675 
-43.10200000000003 
-27.06300000000002 
-45.45600000000003 
-47.626 
-48.85199999999999 
-47.22600000000002 
-45.05600000000006 
-46.96700000000001 
-46.60000000000003 
-46.31900000000003 
-48.232000000000006 
-46.537000000000035 
-26.422000000000022 
-47.541000000000004 
-46.80500000000002 
-44.82100000000001 
-48.13139999999999 
-48.08499999999996 
37.255 
-43.343000000000124 
-47.91099999999997 
-49.028999999999996 
-48.384999999999984 
-49.211999999999996 
37.094000000000015 
-47.36450000000005 
-49.564 
52.183000000000014 
37.020000000000024 
52.83199999999998 
-28.282999999999983 
-48.821 
-45.17600000000004 
54.39399999999996 
-44.74600000000005 
-46.24100000000003 
-46.057800000000015 
-45.59200000000004 
-47.37800000000002 
-45.83100000000003 
-48.11500000000001 
-42.42700000000009 
-47.28700000000001 
35.915 
-45.65300000000003 
-44.87900000000006 
35.829 
-45.868000000000016 
-40.814000000000036 
-48.259 
-42.914000000000044 
-41.30399999999999 
-28.894 
-46.80870000000002 
-43.39800000000011 
-47.641000000000005 
-46.07000000000002 
-49.302 
-44.033000000000094 
-46.32500000000001 
-23.993000000000023 
-49.715 
-45.819000000000045 
-47.07300000000003 
-45.960000000000036 
-48.214999999999996 
-48.22119999999999 
-43.314000000000114 
-44.27400000000004 
-27.112000000000013 
36.84400000000001 
-47.528 
-48.57799999999999 
38.851999999999975 
36.46800000000002 
36.86300000000003 
-47.227100000000014 
-44.01400000000007 
-45.31500000000002 
-45.82800000000002 
-43.937999999999974 
-43.351000000000006 
53.27699999999998 
52.223000000000006 
37.24700000000001 
-45.653000000000034 
-48.482 
36.70300000000003 
-28.896999999999995 
-45.48300000000004 
-45.73900000000002 
-45.604000000000035 
-45.45100000000006 
-48.39279999999996 
-44.982000000000035 
-47.94409999999996 
36.60900000000001 
-45.68800000000003 
-46.14400000000002 
53.926999999999985 
-48.16199999999996 
-46.19000000000003 
35.974000000000004 
-45.571000000000076 
-48.466999999999956 
52.309999999999974 
-47.75900000000001 
-28.235999999999994 
-43.869000000000085 
-44.993900000000075 
-46.57800000000002 
-47.67899999999999 
-49.399 
36.98200000000002 
-47.651 
-46.82400000000001 
37.021000000000015 
-49.036 
52.650000000000006 
-48.86 
-49.216 
-48.62199999999999 
-47.74399999999999 
-45.47900000000003 
-49.521 
52.68499999999999 
-47.55680000000002 
-48.92899999999999 
-45.279000000000025 
-37.894000000000254 
-45.84200000000001 
-48.88699999999999 
-44.37600000000004 
-47.124 
-45.766000000000055 
52.87 
37.653 
-27.715000000000007 
-45.977000000000004 
36.38300000000001 
-47.56809999999999 
-44.843000000000096 
-42.83400000000004 
-46.38900000000002 
-45.508000000000045 
-43.534000000000084 
36.049 
36.999000000000024 
-46.790000000000006 
-46.36300000000003 
-46.655 
-48.21429999999997 
-44.06500000000012 
-41.503 
-45.04100000000009 
-48.4663 
-46.844300000000025 
-47.18419999999998 
-45.80300000000001 
36.71200000000002 
-49.572 
-49.052 
51.75200000000001 
-27.680000000000007 
-44.58800000000008 
-46.70470000000002 
-43.77200000000014 
-48.605000000000004 
-49.629 
37.352999999999994 
-44.25400000000003 
-49.299 
-49.071999999999996 
-47.82309999999997 
35.658 
36.753000000000014 
52.99599999999999 
-49.236 
-49.082 
36.832000000000015 
37.65600000000001 
37.918999999999976 
36.88000000000001 
-47.782000000000004 
-46.79900000000001 
-49.062 
37.90799999999999 
-49.573 
36.071 
36.226 
37.43599999999999 
-49.169 
-48.45499999999997 
-28.567999999999987 
-44.70500000000007 
-47.114700000000006 
-49.722 
-47.929999999999986 
-48.49 
36.40000000000001 
36.926000000000016 
-41.594000000000044 
-42.6190000000001 
-49.074 
-46.01800000000003 
-26.54300000000002 
36.73000000000002 
-48.295999999999985 
35.788000000000004 
-45.99100000000001 
36.863000000000014 
51.687 
-28.58799999999998 
52.057 
-45.49000000000008 
-46.218 
-42.052000000000014 
-45.40100000000011 
36.11000000000001 
-43.21670000000017 
-45.15200000000007 
-43.996000000000194 
-46.36600000000003 
-48.58399999999998 
-49.173 
36.938000000000024 
-42.75600000000004 
-43.7970000000001 
-43.939000000000014 
36.20700000000002 
36.54100000000002 
-44.47999999999999 
-44.89710000000005 
-48.1883 
-46.69200000000002 
-27.875999999999994 
-35.263000000000424 
-42.4 
-42.72899999999997 
-43.512000000000086 
-43.90900000000005 
-27.78600000000001 
-46.72300000000002 
-46.73100000000001 
-46.645500000000034 
37.47299999999998 
-27.028000000000027 
-46.85300000000001 
-48.619 
-46.26260000000002 
37.12 
-45.189000000000114 
-46.80900000000001 
-27.496000000000013 
52.62900000000001 
35.987 
-48.391000000000005 
-47.971000000000004 
-48.34199999999999 
-27.631000000000007 
38.665999999999976 
-41.97899999999997 
-43.027000000000044 
36.83600000000001 
-47.876000000000005 
52.32900000000001 
36.917 
-44.17400000000014 
-46.809 
-42.309000000000076 
-46.922000000000004 
-26.210000000000022 
-41.120000000000005 
-41.46500000000003 
-28.087999999999994 
37.212 
-44.35700000000009 
-48.778999999999996 
52.81099999999999 
37.63899999999999 
-26.067000000000025 
36.45200000000001 
-48.576 
54.48799999999995 
-45.00600000000003 
37.325 
-47.246 
36.42200000000002 
52.003000000000014 
-48.346999999999994 
-48.513999999999996 
36.872000000000014 
-45.271000000000015 
36.48900000000001 
-49.165 
-46.627 
36.71100000000001 
-47.34500000000001 
-45.725 
36.708 
-47.273000000000025 
52.686 
36.041000000000025 
35.910000000000004 
-47.48 
37.021000000000015 
-48.73899999999999 
-46.572000000000024 
35.935 
37.74400000000001 
36.315000000000026 
37.399 
-43.34700000000013 
-46.51100000000002 
-47.035 
52.391 
36.19200000000001 
36.74100000000002 
36.71100000000001 
-44.89960000000009 
36.95600000000001 
37.11100000000001 
-23.11699999999999 
36.123 
36.788999999999994 
-46.889 
-45.20200000000006 
-46.94800000000001 
-46.05400000000003 
36.521 
-47.8672 
-49.082 
-39.52000000000005 
35.909 
52.754999999999995 
-39.098000000000056 
-47.72429999999999 
-48.04999999999997 
-46.90700000000001 
-46.51100000000002 
36.90300000000001 
-40.100000000000065 
37.20900000000001 
36.494000000000014 
-46.74200000000001 
-47.312000000000005 
-46.440000000000026 
-45.90400000000004 
-42.75400000000009 
36.246 
37.13599999999999 
-47.891299999999994 
52.899999999999984 
38.493999999999986 
-46.43800000000003 
36.332000000000015 
-44.53700000000001 
36.507000000000026 
37.18500000000002 
-48.50599999999998 
-43.05600000000012 
36.719 
-46.45400000000003 
-46.524 
-44.361000000000104 
-45.42400000000002 
-48.543499999999995 
-42.38900000000007 
36.865000000000016 
36.68900000000002 
-45.12300000000006 
52.78699999999999 
-41.57000000000011 
-27.059000000000026 
-47.13600000000002 
-46.74200000000001 
35.84 
-44.78300000000002 
-40.01899999999998 
52.22200000000001 
-47.229 
36.34700000000002 
-46.24800000000001 
36.610000000000014 
36.25100000000001 
51.631000000000014 
-40.50400000000009 
35.851 
-27.463000000000008 
52.19700000000001 
-26.636000000000024 
-46.091000000000044 
36.73500000000003 
-47.008 
-46.081000000000024 
-45.96600000000007 
36.35200000000002 
36.76600000000001 
-47.58899999999999 
-36.343000000000245 
-42.31000000000008 
-48.70699999999997 
36.95000000000002 
37.583 
36.88500000000002 
37.535000000000004 
-50.392 
-48.873 
36.97600000000002 
37.302 
-34.98600000000063 
-47.63399999999999 
-44.81200000000004 
37.248000000000005 
37.361000000000004 
-28.48799999999999 
36.32000000000003 
-24.708999999999982 
-46.486000000000026 
-47.55390000000002 
51.73700000000001 
-25.62100000000001 
36.861000000000026 
-48.83 
36.187000000000005 
36.66500000000002 
-28.499999999999982 
-45.48500000000003 
36.34200000000002 
-26.85900000000003 
35.854 
-46.31000000000004 
-46.56500000000001 
-47.87100000000001 
-41.474000000000075 
-47.07100000000001 
36.70300000000002 
-46.00690000000009 
-45.62200000000003 
-45.01600000000002 
36.426 
-43.58500000000009 
-40.50000000000025 
52.51499999999998 
37.140000000000015 
36.481 
-46.754 
51.96700000000002 
52.34100000000001 
35.963 
52.21500000000002 
-48.817 
-47.98599999999999 
-41.834000000000216 
36.228000000000016 
36.92800000000002 
-49.21 
36.96400000000001 
36.750000000000014 
36.728 
-46.464000000000006 
-49.198 
-48.899999999999984 
36.856 
36.222 
36.481000000000016 
-48.153 
36.988000000000014 
52.975999999999985 
-44.03899999999999 
36.62300000000002 
36.548000000000016 
-41.68900000000011 
-48.023 
-48.437999999999995 
36.161 
52.93699999999996 
-28.192999999999998 
-47.62699999999999 
35.925 
-28.272999999999996 
-48.373999999999974 
-47.49400000000001 
-48.692 
36.762 
-47.914999999999985 
-27.777 
36.52000000000002 
-48.866 
36.75400000000001 
-46.384000000000015 
-42.48500000000009 
-47.171000000000014 
-47.75799999999999 
36.90700000000002 
35.716 
36.101000000000006 
-28.444 
52.765999999999984 
52.67800000000002 
36.49200000000002 
-47.58600000000001 
52.698999999999984 
35.71 
-46.581000000000024 
35.978 
36.36700000000002 
36.61100000000002 
35.968 
37.61 
36.039 
52.08500000000001 
35.998 
-46.34400000000003 
51.172 
-47.518 
36.302000000000014 
36.215000000000025 
-45.29500000000004 
51.52200000000002 
36.362 
35.917 
53.555999999999976 
-43.842999999999925 
-45.89900000000003 
-46.63200000000003 
51.76600000000001 
52.357000000000006 
-45.97500000000003 
36.13700000000001 
35.845 
35.687 
52.31700000000001 
-47.647 
53.04399999999998 
-48.092 
36.70900000000002 
-46.34500000000005 
-46.19720000000008 
-47.909299999999995 
-39.754000000000104 
-42.11800000000012 
-49.42099999999999 
36.63600000000001 
35.863 
36.119 
36.46500000000002 
36.36000000000001 
36.40900000000001 
-41.84800000000008 
52.202000000000005 
-47.72400000000001 
36.971000000000004 
51.94100000000001 
36.696000000000005 
-48.0248 
54.421999999999976 
51.66600000000002 
36.65500000000001 
35.551 
-48.138000000000005 
-45.76500000000003 
-39.74000000000023 
-38.138000000000225 
-46.812999999999974 
-46.14100000000001 
-47.774999999999984 
-46.326000000000036 
36.59700000000001 
-43.31819999999999 
36.21000000000001 
36.26000000000001 
36.088 
36.246000000000016 
36.56800000000001 
-46.895000000000024 
-45.985000000000014 
-29.294999999999998 
-47.736799999999995 
36.77000000000001 
-45.91799999999999 
35.997 
36.419000000000004 
-47.637 
-47.18699999999999 
36.53 
36.36600000000001 
-48.2112 
36.538000000000004 
-49.802 
37.168000000000006 
-28.933 
36.88300000000001 
-49.2101 
35.986000000000004 
35.858000000000004 
35.910000000000004 
37.277000000000015 
-29.146 
35.992 
36.31 
51.30600000000002 
51.714000000000006 
35.94500000000001 
37.17900000000001 
51.926000000000016 
36.419000000000004 
36.44 
35.925 
35.872 
36.227000000000004 
36.049 
-28.472999999999992 
52.33600000000001 
-43.398000000000145 
35.512 
36.53500000000002 
51.65300000000001 
-48.284 
35.781 
36.45900000000002 
-48.801999999999985 
-28.712999999999994 
36.37700000000002 
36.364000000000004 
36.117000000000004 
51.481000000000016 
51.31000000000001 
36.945000000000014 
-29.230999999999998 
35.599000000000004 
36.515000000000015 
36.986000000000004 
51.81900000000002 
35.733000000000004 
52.36600000000001 
35.29 
35.675 
51.79700000000001 
35.959 
36.22700000000002 
36.092 
-47.336000000000006 
-48.355999999999995 
-29.038999999999998 
-47.628999999999984 
52.36500000000001 
-48.250899999999994 
37.18399999999998 
-47.16060000000001 
36.862000000000016 
36.79500000000004 
52.222000000000016 
-48.882 
36.795000000000016 
36.43800000000002 
36.83600000000001 
52.022000000000006 
37.59599999999999 
-42.998999999999995 
52.75 
36.016000000000005 
36.99300000000001 
52.154 
-45.65100000000005 
50.82000000000001 
-47.951999999999984 
35.96800000000001 
35.932 
51.058000000000014 
51.685000000000024 
36.26500000000001 
50.86 
-46.704000000000036 
37.091000000000015 
37.030000000000015 
-45.443000000000026 
52.320000000000014 
35.96800000000001 
35.957 
-40.96800000000024 
52.369000000000014 
-47.6148 
51.899000000000015 
52.42099999999998 
-45.94400000000002 
52.051 
37.123999999999995 
36.084 
51.54 
-44.22000000000002 
-47.706 
53.11599999999999 
36.288000000000004 
51.686 
51.85100000000002 
-45.52500000000001 
51.52500000000001 
36.161000000000016 
37.342999999999975 
35.497 
52.492999999999995 
53.15899999999999 
35.884 
36.11200000000001 
37.22200000000001 
-28.526999999999976 
36.50700000000002 
51.449000000000005 
-41.106000000000115 
36.15 
-46.31800000000003 
-45.47100000000005 
36.41200000000001 
35.532000000000004 
-46.182 
51.376000000000005 
51.62300000000002 
51.54100000000001 
-48.47 
36.31600000000002 
52.47299999999998 
37.13699999999999 
-47.83699999999999 
51.747 
-28.865999999999993 
-48.16299999999999 
36.51100000000001 
36.472000000000016 
-48.842999999999996 
36.35600000000001 
-43.551999999999964 
-47.70900000000002 
51.792000000000016 
-48.89099999999999 
52.182 
51.92600000000001 
51.038000000000004 
51.58400000000002 
-47.457 
35.679 
-45.461000000000006 
51.19000000000001 
36.105000000000004 
-48.288999999999994 
36.52800000000001 
35.37 
-47.711 
-45.78200000000004 
-47.641999999999996 
52.785 
-47.93 
52.162000000000006 
51.972 
-44.81100000000005 
36.225000000000016 
36.159 
35.747 
36.608000000000004 
-45.07900000000001 
35.654 
36.21 
51.64 
-47.535000000000004 
-45.654000000000075 
-43.35999999999997 
51.76500000000001 
-47.44499999999999 
51.86800000000001 
-41.04900000000019 
52.00800000000001 
36.729 
-45.56199999999999 
-40.579000000000164 
51.815000000000005 
51.972000000000016 
-47.745999999999995 
-46.28400000000004 
51.29000000000001 
36.07600000000001 
51.734000000000016 
36.834 
-46.65400000000003 
35.850000000000016 
-46.24400000000006 
51.85300000000001 
-43.40900000000018 
-48.7187 
35.852000000000004 
35.826 
51.44700000000001 
52.02 
51.6 
36.38900000000001 
36.508 
52.232 
51.69500000000002 
-44.998000000000054 
51.521000000000015 
-44.18200000000007 
-38.58700000000037 
35.59 
36.46 
-47.69280000000001 
-28.166999999999994 
53.761999999999986 
51.252 
36.355000000000004 
-40.715000000000224 
52.121 
35.95700000000001 
51.410000000000004 
51.722000000000016 
-44.73499999999995 
51.40300000000002 
35.591 
52.29499999999999 
-45.40400000000001 
-47.605999999999995 
52.021000000000015 
35.645 
36.42000000000001 
36.32300000000002 
36.34700000000001 
51.39000000000001 
36.16900000000002 
36.24000000000002 
-47.529 
35.57 
51.328 
52.16700000000001 
-45.44600000000001 
51.091 
51.917000000000016 
-41.6490000000001 
-48.631999999999984 
-49.546 
-41.59800000000016 
-48.04699999999999 
35.88 
36.696000000000005 
35.724000000000004 
36.344000000000015 
51.51700000000001 
-47.31300000000002 
35.352 
-28.778 
51.41000000000001 
-48.254 
-29.39 
36.079000000000015 
35.772000000000006 
35.791000000000004 
35.741 
51.435 
51.43400000000002 
51.14000000000001 
51.34300000000001 
-28.094000000000012 
52.56199999999999 
36.945 
35.771 
35.503 
51.694 
36.14100000000002 
51.35300000000001 
-49.277 
-46.51400000000003 
52.041999999999994 
36.553999999999995 
35.733000000000004 
-47.56399999999999 
35.687 
-48.56999999999999 
-48.2787 
51.25700000000002 
36.634000000000015 
35.451 
51.479000000000006 
35.418 
-27.627000000000013 
37.257999999999996 
52.114000000000004 
51.46600000000001 
-49.949 
51.26800000000001 
-45.38600000000006 
-48.74199999999998 
52.464 
-42.535 
-49.559 
51.105000000000004 
-41.1440000000002 
36.173 
-46.72 
-49.419 
-45.54900000000001 
-48.671299999999995 
52.13500000000001 
35.726 
35.674 
51.766999999999996 
-48.99699999999999 
-47.303999999999995 
-41.732000000000156 
51.89300000000001 
-48.2566 
35.976 
-46.41300000000001 
51.06600000000001 
51.31600000000001 
36.147000000000006 
51.948000000000015 
36.96700000000001 
-46.04700000000007 
51.445 
52.38399999999999 
-47.832 
51.99 
36.041000000000004 
-47.388 
36.44600000000001 
35.948 
52.46300000000001 
52.803999999999995 
50.945 
51.51000000000001 
53.027 
-49.039 
51.90700000000001 
-47.329 
51.971000000000025 
51.53800000000001 
-47.89499999999999 
35.837 
36.093 
-48.1277 
51.642 
-45.71700000000003 
53.27799999999996 
37.144 
-27.77 
35.56 
-47.29299999999999 
-48.729 
-43.936000000000014 
36.24900000000001 
52.36800000000001 
52.36299999999999 
36.229000000000006 
-45.270000000000046 
36.123000000000005 
51.766000000000005 
35.746 
51.354 
-49.977 
-43.48200000000012 
-49.344 
35.927 
51.578 
-49.477 
35.773 
-42.0050000000001 
35.966 
35.559 
50.859 
52.043 
51.291000000000004 
-45.67100000000003 
-48.491699999999994 
-44.664999999999935 
-47.3489 
36.888000000000005 
35.685 
52.413000000000004 
36.744 
35.776 
52.111999999999995 
-48.11649999999998 
-44.52199999999999 
52.571999999999996 
-43.276000000000124 
36.49000000000001 
-42.22499999999995 
52.409 
51.717 
52.278 
37.36600000000001 
-29.599 
35.846000000000004 
-42.72599999999998 
35.97200000000001 
35.323 
35.27 
-48.2125 
36.445 
36.40200000000001 
35.542 
35.499 
51.66500000000001 
51.08299999999999 
51.44100000000001 
51.541 
-49.835 
-48.047999999999995 
-47.449 
-45.30199999999993 
35.683 
35.805 
35.838 
36.23200000000002 
-49.09899999999999 
51.49 
51.70800000000001 
36.318 
51.843 
51.588000000000015 
-47.174600000000005 
51.32400000000001 
-47.25200000000001 
36.136 
35.697 
52.216 
51.277 
36.525000000000006 
-46.898000000000025 
51.25300000000001 
51.413000000000004 
51.406000000000006 
51.05600000000001 
51.968 
-48.37369999999999 
51.371 
51.837 
51.169999999999995 
-44.67600000000006 
52.002 
-28.314 
36.071000000000005 
51.707000000000015 
51.953 
-46.996 
35.502 
51.739999999999995 
-47.198 
51.91000000000001 
51.96500000000001 
52.346000000000004 
35.077 
36.215 
52.15800000000001 
52.02 
35.416 
-49.461999999999996 
35.681 
35.997 
52.58400000000001 
35.351 
-50.058 
51.166000000000004 
35.756 
52.163000000000004 
36.147000000000006 
35.189 
-49.6113 
52.236 
51.763000000000005 
51.913 
35.533 
50.951 
51.79100000000001 
36.058 
53.33599999999999 
36.079 
35.057 
52.024 
52.056 
-47.98599999999998 
51.533000000000015 
-43.80399999999998 
51.65 
-47.38099999999999 
35.456 
50.755 
35.263 
35.894 
-43.124999999999986 
-43.37399999999989 
-44.865000000000016 
36.328 
51.018 
36.097000000000016 
-47.139 
51.629999999999995 
51.50600000000001 
-47.92499999999999 
-46.96100000000001 
-46.62300000000002 
51.978000000000016 
52.148 
50.543 
51.73900000000002 
51.81200000000001 
51.14500000000001 
-48.32299999999998 
52.23399999999999 
52.02800000000001 
-47.776999999999994 
52.16600000000002 
52.12899999999999 
51.38600000000001 
51.07300000000001 
-48.794999999999995 
51.432 
51.901 
51.781 
52.239000000000004 
36.24700000000001 
-47.97499999999999 
51.104 
-46.46500000000001 
-49.662 
51.78700000000001 
51.307 
52.13200000000001 
51.39200000000001 
51.332 
-44.627999999999986 
-48.16389999999998 
52.44 
52.18300000000001 
51.855000000000004 
-47.408000000000015 
51.656 
51.626000000000005 
-47.728 
-44.55700000000002 
35.961000000000006 
51.27 
51.058 
-48.07000000000001 
50.974000000000004 
51.822 
51.815999999999995 
36.313 
51.66199999999999 
52.074 
-47.74600000000001 
50.972 
-47.834999999999994 
-48.376999999999995 
51.91900000000001 
51.638 
51.442 
51.668000000000006 
51.903000000000006 
51.182 
51.714000000000006 
52.02199999999999 
-44.35199999999994 
51.704000000000015 
51.69900000000002 
52.22700000000002 
-48.7 
-47.686 
50.811 
51.908000000000015 
-46.795 
51.854000000000006 
-47.68299999999999 
51.87300000000001 
50.804 
-43.76900000000003 
52.192000000000014 
-45.598000000000006 
-48.04199999999999 
35.953 
-48.15999999999999 
51.876000000000005 
52.073000000000015 
35.301 
35.351 
51.022 
36.387 
52.977 
35.887 
-47.094 
51.525 
-47.727 
51.405 
-46.358000000000025 
51.50100000000001 
35.384 
51.122 
51.453 
-48.393999999999984 
51.217000000000006 
51.056 
51.717000000000006 
50.712 
50.971000000000004 
35.779 
-46.33600000000003 
35.123 
51.624 
-47.65500000000001 
-44.07899999999999 
50.687 
51.35 
51.66799999999999 
51.201 
51.544 
51.868 
-45.70500000000003 
51.383 
51.805000000000014 
-47.70409999999999 
36.021 
-49.2148 
35.596000000000004 
51.762 
51.26400000000001 
50.887 
51.393000000000015 
35.301 
35.758 
36.072 
-47.343 
-48.4968 
35.446 
50.67 
35.769 
35.492 
35.493 
35.239 
-28.779999999999998 
51.46500000000001 
-28.913 
50.397 
35.787 
51.995000000000005 
35.938 
35.14 
35.32 
51.3 
36.319 
50.838 
-45.042 
51.05800000000001 
-49.787 
50.818 
50.858000000000004 
-48.981 
51.215 
35.382 
52.096 
50.452 
-44.60600000000009 
51.910000000000004 
51.03400000000001 
36.474000000000004 
51.59 
35.648 
51.652 
35.436 
-47.58899999999999 
51.21000000000001 
50.661 
51.472 
51.234 
51.293 
35.518 
51.413000000000004 
35.304 
50.806 
51.77300000000001 
-47.74300000000001 
51.477000000000004 
36.458999999999996 
51.121 
51.48799999999999 
35.815 
51.59 
51.088 
52.038000000000004 
50.678 
35.518 
50.974000000000004 
35.57 
50.408 
-47.823999999999984 
35.243 
35.659 
35.252 
51.78900000000001 
-49.78 
-48.14399999999999 
35.833 
-49.003 
51.092000000000006 
35.174 
35.434 
35.907000000000004 
50.383 
35.492 
35.235 
-47.14900000000001 
51.392 
-28.346999999999998 
50.941 
51.68100000000001 
35.706 
-49.00899999999999 
35.19 
35.488 
51.647000000000006 
36.274 
36.748000000000005 
35.578 
51.339 
35.137 
-45.668300000000045 
51.31600000000001 
35.448 
35.658 
-48.669799999999995 
51.014 
50.877 
35.381 
35.476 
50.337 
35.102 
36.635000000000005 
51.643 
-49.556 
35.331 
35.709 
35.528 
35.031 
51.027 
35.493 
51.178 
35.411 
35.227 
50.788000000000004 
-48.495999999999995 
36.025 
51.389 
50.68 
36.739000000000004 
51.653 
35.42 
35.1 
35.185 
50.601 
35.137 
35.162 
51.412 
51.327 
-47.57299999999999 
51.053 
-47.20920000000001 
35.273 
51.154 
35.377 
50.904 
51.096000000000004 
-48.16399999999999 
-48.559999999999995 
35.909 
50.688 
-48.3345 
-29.072 
50.494 
35.133 
35.730000000000004 
-47.882200000000005 
-47.874 
50.563 
35.122 
35.624 
35.096 
50.808 
35.392 
51.376000000000005 
50.594 
35.187 
50.947 
35.575 
50.646 
-47.648 
-44.634999999999984 
35.359 
51.012 
-49.939 
35.232 
51.461 
35.666 
52.14100000000001 
-49.604 
35.827 
35.149 
35.416 
51.315000000000005 
-47.973 
50.674 
-49.415 
35.469 
51.07 
50.827 
-48.36 
-49.805 
-29.366 
35.789 
51.839000000000006 
50.597 
50.995 
36.245000000000005 
35.584 
35.701 
52.05099999999999 
50.816 
51.848000000000006 
51.36 
50.553 
50.647 
50.732 
50.156 
35.848 
-42.545 
-49.5772 
35.748 
-46.26540000000005 
36.55700000000001 
35.143 
-47.568000000000005 
-48.888 
35.209 
-47.980999999999995 
36.02600000000001 
51.489 
35.063 
51.160000000000004 
51.101 
36.57100000000001 
35.682 
35.359 
-48.577 
35.424 
-49.46 
51.160000000000004 
51.097 
50.589 
35.239 
50.921 
-49.119 
-49.252 
35.467 
35.677 
35.376 
50.947 
50.819 
51.160000000000004 
35.377 
51.048 
51.572 
52.09999999999999 
50.653 
51.017 
50.673 
35.5 
35.741 
35.821 
-48.215 
50.799 
-43.95800000000011 
50.601 
35.297 
35.879 
50.916000000000004 
51.36300000000001 
51.278000000000006 
50.809 
51.637 
51.467000000000006 
51.954 
-48.782 
50.603 
35.7 
-45.95000000000002 
-49.235 
35.541 
35.895 
50.579 
35.406 
50.7 
50.364 
51.461 
51.59600000000001 
-48.534000000000006 
-49.275 
36.232 
50.503 
35.884 
35.567 
35.498 
51.224999999999994 
51.661 
35.931 
51.414 
51.70000000000001 
-43.11700000000004 
-41.926000000000045 
51.61200000000001 
50.726 
50.846000000000004 
50.979 
50.859 
50.506 
-42.38700000000008 
-47.37090000000001 
51.213 
51.342 
51.045 
35.474000000000004 
-48.914 
51.172 
50.891 
50.404 
50.874 
35.719 
37.269999999999996 
51.607 
-48.612 
-48.51399999999999 
51.181000000000004 
-48.213 
50.656 
50.712 
35.139 
35.335 
36.338 
-49.0638 
50.892 
51.673 
35.853 
-43.92600000000004 
50.904 
51.308 
-48.19199999999999 
-49.737 
50.699 
50.521 
51.556000000000004 
50.782000000000004 
51.013 
35.137 
52.25300000000001 
50.432 
35.422 
35.086 
35.612 
35.279 
35.374 
50.682 
-48.129999999999995 
35.709 
51.17100000000001 
35.21 
-48.626 
50.725 
50.884 
-41.14599999999999 
50.737 
35.235 
36.867000000000004 
50.727000000000004 
-48.622 
-46.47789999999999 
-48.933 
35.436 
36.549 
50.408 
35.246 
50.719 
50.632 
35.084 
51.191 
-45.895000000000024 
35.617 
-49.725 
51.699000000000005 
35.695 
51.992000000000004 
51.152 
35.567 
50.906 
-49.365 
51.11 
-49.266999999999996 
-48.108999999999995 
36.607 
50.426 
35.163 
50.935 
35.389 
-46.332000000000015 
50.327 
50.817 
-44.193 
50.705 
-48.868 
-48.513000000000005 
51.169000000000004 
51.821000000000005 
35.681 
-47.145 
35.361 
50.576 
35.025 
35.764 
-43.62800000000002 
50.594 
35.465 
50.733000000000004 
35.33 
51.229000000000006 
50.473 
51.678000000000004 
51.398 
-48.019 
50.642 
52.407 
50.767 
36.911 
50.681 
35.082 
50.498 
35.14 
-42.37200000000007 
50.976 
50.4 
35.477 
51.25 
35.559 
51.057 
50.799 
35.553 
51.737 
52.378 
35.525 
50.612 
51.715 
51.475 
50.848 
35.555 
35.788000000000004 
51.203 
50.622 
51.076 
-47.049 
35.109 
35.593 
50.805 
51.873000000000005 
35.343 
36.937 
51.552 
35.032 
50.947 
35.618 
-48.09399999999999 
51.227 
51.09 
50.989000000000004 
35.472 
-48.760999999999996 
35.084 
50.68 
50.854 
35.007 
35.412 
51.179 
35.289 
50.655 
35.108 
35.579 
35.752 
50.893 
51.019000000000005 
35.181 
35.311 
35.387 
36.135 
-49.038 
35.077 
51.597 
50.499 
36.187 
50.415 
51.033 
35.729 
50.547 
35.261 
35.272 
50.599000000000004 
35.317 
-49.827 
-48.655 
51.079 
-47.285000000000004 
51.173 
51.22500000000001 
50.978 
50.277 
-49.168 
35.241 
-49.763 
50.905 
35.759 
50.67 
51.412 
35.294 
50.811 
50.562 
-38.30200000000035 
-40.69900000000008 
51.007000000000005 
52.225 
-43.70500000000009 
51.393 
51.898 
35.771 
50.763 
51.121 
35.091 
50.515 
35.051 
50.534 
-40.124000000000144 
-41.08300000000006 
35.124 
-41.687000000000076 
-46.94600000000001 
51.804 
35.693 
50.446 
51.246 
51.023 
50.327 
35.248 
50.755 
-47.29 
50.553 
35.267 
50.563 
50.914 
35.78 
50.802 
50.86 
35.286 
36.513 
51.031 
51.069 
50.754 
35.213 
35.529 
50.524 
50.839 
35.577 
50.469 
-48.847 
50.49 
36.609 
50.873 
51.108000000000004 
51.831 
-47.312 
50.422 
35.463 
51.013 
50.729 
52.077000000000005 
50.598 
35.433 
35.367 
35.202 
50.692 
50.785000000000004 
35.366 
-49.434 
50.684 
-49.111 
35.059 
51.214999999999996 
50.910000000000004 
51.514 
50.934 
50.719 
35.443 
35.58 
50.511 
50.948 
35.437 
51.006 
35.695 
-49.686 
-48.15299999999999 
35.775 
35.62 
51.092 
-47.905 
50.509 
51.089 
51.244 
50.938 
-48.745999999999995 
51.166000000000004 
50.446 
35.353 
51.307 
36.075 
50.623 
-49.789 
35.257 
51.62800000000001 
35.509 
51.373000000000005 
-42.03100000000008 
50.587 
50.648 
35.427 
50.45 
35.384 
-49.01 
50.726 
50.519 
-48.303999999999995 
50.64 
35.493 
37.254 
50.961 
-48.884 
51.204 
-49.069 
-48.483999999999995 
35.388 
51.204 
51.207 
50.973000000000006 
-29.742 
35.502 
51.051 
35.366 
50.227 
50.548 
-45.737 
35.407000000000004 
50.792 
51.707 
-48.961 
50.505 
50.577 
-48.658 
50.467 
-48.664 
51.45 
-47.658 
50.661 
35.348 
50.619 
35.56 
50.513 
35.346000000000004 
35.132 
51.171 
50.535000000000004 
50.486 
50.8 
51.328 
51.508 
50.76 
50.637 
35.258 
50.44 
35.626 
-47.471 
50.786 
51.947 
51.148 
50.502 
-47.018 
35.381 
35.375 
50.633 
51.635000000000005 
52.022000000000006 
50.998 
35.339 
50.588 
35.041 
-49.105 
-47.92699999999999 
50.453 
50.477000000000004 
50.521 
-48.623999999999995 
35.685 
50.467 
50.456 
50.188 
35.276 
35.454 
35.426 
50.493 
50.562 
50.728 
51.268 
51.024 
35.38 
-45.97100000000003 
50.499 
50.988 
51.33800000000001 
50.318 
-47.562999999999995 
51.413 
35.236 
51.882000000000005 
35.181 
50.598 
50.25 
51.748000000000005 
-47.774 
51.175 
51.355 
-48.504 
51.804 
35.457 
51.069 
51.094 
35.777 
50.905 
-46.02559999999998 
35.235 
50.638 
51.65700000000001 
-48.31099999999999 
35.494 
35.324 
35.275 
50.229 
35.485 
50.644 
-46.401 
51.09 
50.429 
50.613 
35.186 
50.624 
35.47 
50.778 
50.863 
50.656 
35.024 
-29.392 
50.528 
50.695 
50.456 
50.763 
35.123 
35.168 
50.758 
50.957 
35.003 
51.165 
51.087 
-49.144 
50.427 
50.677 
50.673 
51.083999999999996 
50.63 
-47.687999999999995 
51.351 
-48.685 
-40.20000000000009 
50.548 
51.378 
35.593 
50.746 
35.54 
-48.662 
50.281 
50.898 
51.435 
50.514 
51.742000000000004 
51.480000000000004 
50.597 
50.881 
-48.89 
35.377 
50.549 
50.248 
50.547 
50.916000000000004 
50.721000000000004 
50.688 
50.444 
50.422 
50.818 
-49.268 
50.825 
50.505 
35.335 
35.379 
50.18 
35.192 
50.642 
35.215 
35.339 
35.226 
-48.75 
50.557 
51.261 
50.498 
51.525 
51.479 
35.289 
-49.229 
50.588 
50.847 
-49.652 
35.087 
51.019 
50.625 
35.976 
50.411 
50.502 
35.363 
50.492 
50.899 
51.1 
50.386 
35.564 
50.458 
50.801 
50.789 
50.478 
50.649 
50.537 
35.2 
35.889 
51.152 
50.642 
50.824 
50.593 
50.398 
51.248 
35.485 
50.447 
51.127 
35.044 
50.587 
34.99 
50.998 
50.988 
35.232 
35.477 
50.452 
50.209 
50.627 
51.242000000000004 
35.089 
35.348 
50.578 
50.969 
50.417 
35.315 
50.826 
50.361 
50.505 
50.97 
-49.545 
50.509 
-49.865 
35.387 
50.695 
35.423 
35.073 
50.811 
35.037 
35.387 
51.305 
50.521 
50.496 
36.29700000000001 
50.757 
50.872 
35.318 
35.766 
50.553 
35.151 
50.93 
-49.971000000000004 
35.309 
50.709 
-49.278999999999996 
50.713 
50.683 
51.432 
51.163 
35.351 
50.773 
50.553 
50.649 
51.227000000000004 
50.4 
35.115 
35.201 
51.401 
-49.211 
35.249 
-48.724999999999994 
-49.099 
-50.062 
50.279 
35.671 
50.714 
50.58 
-49.807 
50.453 
51.291000000000004 
50.458 
35.023 
35.292 
50.86 
50.545 
35.068 
35.105 
50.606 
51.146 
-50.037 
-49.027 
50.64 
-49.439 
-49.15 
35.541 
35.071 
50.046 
50.592 
-49.452 
50.555 
35.332 
50.625 
50.492 
50.52 
50.289 
35.393 
35.161 
51.362 
35.05 
50.529 
50.335 
50.631 
50.564 
-49.379 
50.823 
51.168 
35.694 
50.348 
50.516 
50.54 
35.574 
-50.187 
36.61 
35.396 
50.542 
-49.133 
50.559 
50.351 
-49.959 
50.816 
50.696 
35.087 
35.2 
50.493 
35.071 
50.659 
35.298 
35.319 
51.04 
50.406 
51.462 
51.016 
35.414 
50.86 
51.214 
50.505 
50.701 
50.988 
-29.387999999999998 
35.224 
50.451 
50.838 
50.678 
51.043 
50.513 
50.746 
35.367 
51.3 
50.908 
51.148 
51.283 
50.451 
51.063 
51.201 
50.473 
50.595 
51.168 
52.334 
50.437 
-49.379 
50.674 
50.418 
51.05 
51.07000000000001 
50.883 
35.164 
50.603 
51.578 
50.548 
50.732 
51.259 
51.227000000000004 
51.289 
50.976 
50.359 
50.955 
50.222 
50.444 
-47.495999999999995 
51.214 
35.78 
50.31 
-48.76899999999999 
50.8 
50.679 
35.501 
35.255 
51.461 
50.884 
35.203 
-49.517 
51.161 
35.14 
50.477000000000004 
50.494 
50.932 
50.527 
50.994 
50.585 
-49.964 
50.33 
50.756 
35.299 
50.721000000000004 
50.506 
35.063 
50.191 
35.629 
50.886 
50.214 
50.932 
50.852000000000004 
50.834 
51.089 
50.715 
50.04 
-49.944 
50.82 
50.745 
50.508 
50.867 
50.349 
51.304 
50.581 
50.821 
51.28 
51.087 
36.424 
50.289 
51.022 
35.796 
50.594 
35.414 
51.513000000000005 
35.405 
50.436 
50.72 
50.863 
50.378 
35.395 
50.529 
50.605000000000004 
50.905 
50.611 
35.378 
50.423 
50.859 
35.665 
35.1 
50.823 
51.095000000000006 
35.261 
35.18 
50.574 
51.014 
50.23 
50.763 
35.305 
51.024 
50.887 
50.722 
50.611 
50.527 
50.993 
35.512 
50.826 
50.238 
50.693 
34.91 
50.627 
50.423 
35.13 
50.392 
50.703 
50.509 
50.834 
50.556 
50.44 
50.687 
-48.17109999999998 
50.411 
35.807 
50.485 
50.231 
50.912 
50.973 
35.451 
51.074000000000005 
50.705 
50.322 
50.46 
51.074 
35.108 
-48.914 
51.995000000000005 
50.766 
50.406 
50.692 
50.678 
50.493 
51.224000000000004 
50.488 
50.68 
50.647 
50.576 
50.552 
50.546 
50.436 
50.598 
-49.86 
50.173 
51.053 
-30.162 
50.354 
35.058 
50.555 
50.277 
51.627 
50.612 
50.578 
36.471000000000004 
50.381 
-49.432 
-46.73799999999999 
50.446 
50.78 
50.88 
36.322 
50.351 
50.561 
35.017 
-47.19179999999999 
50.476 
50.744 
50.683 
50.433 
35.224 
35.088 
50.419 
35.155 
35.408 
-48.702299999999994 
50.615 
50.479 
50.234 
36.042 
50.895 
-48.529999999999994 
50.496 
50.877 
50.086 
50.439 
50.981 
50.515 
50.764 
50.632 
50.433 
36.258 
50.291 
50.462 
-47.41279999999999 
50.58 
-49.157 
50.427 
-48.117999999999995 
50.39 
50.743 
50.321 
35.085 
50.559 
35.373 
50.708 
50.779 
50.493 
50.917 
50.393 
51.192 
50.531 
51.002 
50.796 
-48.356 
50.497 
50.601 
50.602000000000004 
50.541 
50.238 
-49.12 
34.955 
50.505 
35.127 
50.494 
-48.922 
-49.386 
-49.52 
35.241 
50.484 
-49.403 
50.505 
50.665 
50.488 
-49.742 
35.137 
-48.842999999999996 
51.069 
35.236 
51.017 
50.282000000000004 
35.034 
51.124 
35.739 
35.291 
50.147 
50.459 
50.285000000000004 
35.366 
50.885 
51.319 
50.575 
50.22 
36.069 
51.106 
50.306 
50.353 
-47.98749999999998 
-48.608999999999995 
50.439 
50.481 
50.647 
50.446 
35.33 
35.19 
35.374 
50.584 
50.668 
50.797 
50.671 
35.17 
-49.815 
50.297 
50.54 
-49.846 
35.335 
50.463 
50.862 
51.43900000000001 
35.128 
35.323 
36.197 
35.317 
36.412 
50.441 
50.63 
50.721000000000004 
35.166 
35.413 
50.935 
34.961 
50.273 
35.28 
50.333 
-49.89 
35.251 
-48.785000000000004 
50.611 
50.51 
50.969 
50.638 
-40.1900000000002 
50.694 
50.173 
51.448 
50.408 
50.618 
50.953 
50.476 
50.481 
50.84 
50.348 
36.208 
50.45 
-49.744 
50.947 
35.095 
50.46 
50.32 
50.98800000000001 
35.064 
50.208 
50.582 
50.787 
50.469 
35.084 
-49.784 
35.266 
50.713 
50.496 
50.44 
50.768 
50.655 
50.742 
-48.627 
50.377 
50.498 
35.299 
50.409 
50.947 
51.128 
35.356 
35.243 
35.374 
50.697 
50.853 
50.599000000000004 
34.951 
35.13 
50.993 
35.27 
35.398 
-49.517 
50.489 
35.573 
-49.866 
50.454 
51.108000000000004 
35.035 
35.209 
-49.07 
50.94 
50.816 
50.27 
35.431 
50.597 
50.369 
50.588 
50.272 
35.254 
50.586 
51.474999999999994 
50.697 
50.777 
-47.67849999999997 
-49.419 
50.663000000000004 
50.423 
50.472 
51.172000000000004 
-49.478 
50.896 
50.879 
50.718 
36.643 
35.294 
51.009 
50.365 
35.152 
50.487 
50.537 
51.189 
50.651 
50.445 
50.738 
35.173 
35.305 
50.324 
50.631 
50.941 
50.429 
50.808 
50.436 
-49.881 
50.622 
50.967 
50.617 
50.512 
50.509 
50.316 
-49.436 
50.438 
50.696 
50.453 
-48.837999999999994 
50.751 
50.202 
35.324 
50.534 
50.296 
35.096 
35.16 
50.547 
35.377 
35.027 
50.416 
50.499 
50.289 
50.241 
50.639 
50.657000000000004 
35.011 
51.087 
50.678 
50.334 
50.305 
50.344 
50.458 
35.126 
50.627 
50.585 
50.65 
50.367 
50.414 
50.302 
35.08 
50.322 
50.472 
35.133 
-49.483 
50.477000000000004 
-49.175 
35.205 
50.621 
50.481 
35.278 
50.794 
51.21600000000001 
51.074 
50.396 
50.975 
50.846000000000004 
-43.22199999999996 
50.481 
-48.293 
50.418 
50.945 
35.0 
50.454 
50.92 
50.696 
35.361 
50.685 
50.753 
35.945 
51.149 
35.223 
-49.68 
50.341 
-49.85 
50.585 
50.356 
50.666000000000004 
35.672 
-49.443 
50.574 
50.811 
50.431 
35.325 
51.08 
50.493 
50.611 
50.87 
50.193 
35.389 
50.881 
35.064 
50.768 
50.662 
51.022 
50.08 
35.065 
50.914 
-49.735 
50.722 
35.467 
50.572 
35.385 
50.484 
50.389 
50.447 
50.715 
50.709 
35.34 
35.081 
50.724000000000004 
50.533 
35.647 
35.777 
50.608 
50.286 
50.395 
50.864 
50.351 
50.503 
50.682 
50.376 
50.249 
-49.693 
50.515 
50.25 
35.027 
51.176 
51.117 
50.651 
50.426 
50.705 
35.323 
50.457 
51.32 
50.403 
50.702 
50.839 
50.629 
50.821 
50.288 
50.475 
50.484 
50.561 
50.631 
-47.758999999999986 
35.477 
35.435 
50.622 
50.262 
35.937 
50.429 
50.803 
36.222 
50.751 
50.808 
50.518 
35.641 
35.273 
50.613 
50.555 
50.679 
50.693 
35.422 
50.544 
50.445 
35.502 
50.406 
35.293 
50.274 
50.859 
35.4 
50.558 
35.116 
50.999 
50.515 
50.454 
50.705 
50.478 
50.423 
50.564 
50.426 
50.108 
50.582 
50.597 
50.414 
50.769 
50.736 
34.967999999999996 
50.642 
35.311 
50.461 
-48.946 
35.272 
50.61 
50.469 
50.528 
35.295 
50.534 
50.524 
50.506 
34.956 
50.467 
35.547 
51.22 
50.364 
50.834 
35.358 
50.738 
50.412 
50.749 
50.813 
50.524 
50.356 
51.106 
50.606 
35.264 
50.338 
50.873 
-29.785 
35.039 
50.606 
50.795 
50.507 
50.635 
35.21 
50.975 
35.263 
50.776 
-49.298 
35.005 
50.628 
50.609 
50.538000000000004 
-49.441 
50.627 
50.456 
-30.113 
50.423 
35.714 
35.371 
50.485 
50.372 
35.482 
50.463 
50.836 
50.204 
35.309 
50.448 
35.392 
50.535000000000004 
50.491 
-49.508 
50.791000000000004 
50.534 
51.126 
50.359 
50.384 
50.384 
50.434 
50.486 
50.396 
50.319 
35.466 
35.384 
50.463 
50.454 
50.776 
50.521 
51.086 
-50.027 
50.632 
50.625 
35.354 
50.396 
35.777 
50.566 
50.45 
50.226 
50.272 
50.479 
50.512 
50.447 
50.477000000000004 
-49.448 
50.674 
50.483 
50.972 
50.64 
50.557 
-49.41 
50.391 
51.367000000000004 
50.541 
50.517 
35.22 
50.76 
50.564 
35.96 
50.409 
50.593 
50.677 
35.221 
51.223 
50.411 
50.502 
50.299 
50.598 
50.565 
35.202 
35.385 
50.483 
50.964 
35.538 
50.427 
35.475 
50.961 
50.59 
35.396 
50.401 
50.475 
35.545 
-49.754 
35.504 
50.658 
35.117 
50.53 
50.768 
50.562 
50.867 
35.788000000000004 
50.249 
50.433 
50.785000000000004 
50.663000000000004 
50.822 
35.636 
35.38 
35.462 
34.97 
50.749 
50.747 
50.588 
35.485 
50.342 
50.405 
50.357 
50.945 
50.752 
50.471000000000004 
50.874 
50.343 
50.438 
50.358 
35.441 
50.787 
35.396 
50.574 
50.764 
35.581 
-45.33939999999991 
35.145 
50.463 
50.705 
-49.393 
35.283 
35.248 
50.811 
50.44 
-49.81 
50.409 
-49.921 
50.722 
50.326 
50.861 
35.464 
50.674 
50.361 
50.54 
50.427 
50.701 
50.516 
50.618 
50.49 
50.535000000000004 
50.76 
50.56 
50.595 
50.604 
50.958 
50.519 
50.397 
50.093 
50.734 
35.109 
35.333 
50.26 
50.614 
50.827 
-50.09 
-49.278 
35.408 
-49.797 
-44.14500000000002 
35.346000000000004 
50.755 
35.081 
50.533 
50.518 
50.045 
35.533 
50.358 
50.859 
35.003 
50.468 
51.599000000000004 
50.685 
50.611 
35.408 
51.18 
35.415 
50.842 
50.705 
50.361 
35.281 
50.748 
50.663000000000004 
50.421 
50.522 
50.418 
50.035 
50.642 
50.533 
34.883 
34.796 
35.558 
50.894 
50.817 
50.595 
50.989000000000004 
50.282000000000004 
50.663000000000004 
35.527 
35.002 
-48.791 
35.346000000000004 
50.027 
50.442 
34.905 
50.337 
51.21 
50.505 
50.403 
35.362 
-49.69 
-48.994 
35.149 
50.261 
50.581 
50.328 
50.965 
50.547 
50.403 
50.445 
50.818 
50.258 
50.428 
50.857 
50.585 
50.535000000000004 
-49.806 
34.995 
50.787 
-49.685 
50.518 
50.354 
35.065 
35.092999999999996 
35.225 
-49.996 
-49.205999999999996 
50.681 
35.011 
-49.92 
50.35 
50.371 
50.26 
50.536 
50.512 
50.723 
50.84 
50.405 
-50.212 
50.225 
35.093 
50.863 
50.435 
50.545 
50.321 
50.71 
50.924 
50.549 
35.007 
50.104 
50.701 
35.155 
50.406 
50.266 
50.087 
35.146 
50.8 
50.061 
50.191 
50.434 
50.582 
51.006 
35.238 
35.049 
35.36 
35.082 
51.129 
-43.70300000000007 
50.643 
-49.806 
35.269 
50.636 
51.065 
50.608 
50.355 
-48.691 
35.337 
50.536 
50.648 
35.455 
50.463 
50.672 
50.245 
50.657000000000004 
50.511 
50.682 
50.823 
50.554 
50.947 
51.284 
50.469 
50.557 
51.055 
50.535000000000004 
35.185 
51.61900000000001 
50.503 
50.256 
51.08 
50.601 
35.231 
-49.042 
50.517 
35.018 
50.442 
50.208 
50.762 
35.361 
50.236 
50.504 
50.402 
50.626 
50.599000000000004 
50.434 
50.718 
50.529 
50.856 
35.226 
50.438 
-29.735 
50.674 
50.262 
50.396 
50.505 
50.896 
-49.014999999999986 
36.111000000000004 
50.61 
50.45 
50.660000000000004 
35.1 
50.412 
35.058 
50.622 
50.246 
50.922 
-29.945 
50.455 
51.106 
50.898 
35.339 
50.313 
50.634 
50.909 
50.229 
50.853 
-30.046 
-49.906 
50.634 
50.331 
50.663000000000004 
50.852000000000004 
50.466 
50.674 
50.855000000000004 
50.567 
50.644 
50.669 
36.47 
50.963 
50.637 
51.907000000000004 
50.843 
50.409 
50.387 
50.454 
35.614 
50.504 
51.27700000000001 
51.154 
50.944 
50.617 
50.899 
-47.28079999999998 
50.501 
51.166000000000004 
50.879 
50.533 
50.721000000000004 
50.988 
51.049 
34.969 
50.357 
34.875 
50.876000000000005 
50.436 
51.145 
50.622 
35.47 
35.028 
-49.416 
50.754 
50.556 
35.909 
51.145 
50.591 
35.827 
50.678 
50.559 
51.231 
50.557 
35.244 
50.292 
35.217 
-30.15 
50.51 
35.286 
50.617 
50.484 
50.608 
51.151 
50.858000000000004 
35.527 
51.148 
50.597 
-49.819 
50.739 
50.816 
50.47 
50.707 
50.353 
50.107 
50.469 
35.101 
50.849000000000004 
50.847 
34.996 
50.245 
50.529 
50.325 
50.561 
35.918 
50.554 
50.374 
35.339 
35.59 
50.811 
50.595 
50.634 
50.854 
35.675 
35.347 
50.868 
50.565 
50.665 
35.661 
50.664 
50.529 
35.748 
50.834 
50.6 
50.456 
50.832 
50.958 
50.485 
50.699 
50.552 
50.59 
50.499 
50.735 
50.514 
50.831 
35.189 
35.531 
50.373 
50.455 
50.789 
51.042 
50.782000000000004 
35.555 
50.576 
50.714 
50.434 
50.537 
35.019 
35.435 
-49.56 
35.336 
35.428 
50.277 
50.742 
50.689 
50.785000000000004 
35.312 
50.532000000000004 
50.428 
50.826 
50.459 
50.434 
50.658 
35.358 
35.009 
50.78 
50.507 
50.424 
50.623 
35.374 
35.39 
35.345 
50.185 
50.781 
50.567 
-49.613 
51.31900000000001 
50.884 
35.1 
50.422 
50.318 
35.31 
50.525 
50.629 
50.555 
35.157 
50.952 
50.637 
50.783 
51.13 
50.43 
35.192 
35.259 
-49.772 
50.493 
50.789 
50.946 
35.54 
50.654 
50.529 
50.821 
50.527 
50.544 
50.046 
50.54 
50.435 
35.297 
51.083 
50.678 
50.535000000000004 
51.01 
50.452 
51.436 
35.424 
50.34 
50.536 
51.012 
50.677 
50.653 
35.814 
35.377 
50.896 
35.284 
50.532000000000004 
50.588 
50.388 
-50.012 
50.536 
50.56 
-49.635 
50.776 
50.624 
35.399 
50.664 
50.518 
50.337 
35.394 
35.368 
50.328 
50.597 
35.42 
50.426 
50.429 
35.157 
50.944 
50.628 
50.592 
-49.507 
50.89 
51.154 
50.64 
50.74 
50.368 
-49.535 
35.252 
50.663000000000004 
50.559 
35.005 
50.051 
35.054 
35.467 
50.557 
35.676 
50.486 
35.175 
50.916000000000004 
50.383 
50.354 
35.413 
50.873 
-49.859 
50.592 
50.57 
51.396 
50.99 
50.555 
34.953 
50.238 
35.03 
50.643 
35.552 
35.418 
36.109 
50.503 
-45.44900000000008 
35.715 
50.354 
50.915 
50.356 
49.989 
50.462 
50.485 
50.29 
50.635 
50.663000000000004 
50.752 
50.724000000000004 
-49.896 
50.899 
50.685 
50.739 
35.497 
-49.239 
35.728 
35.709 
50.394 
35.647 
35.156 
-49.515 
50.56 
50.83 
35.448 
50.431 
50.548 
50.473 
35.547 
51.063 
50.658 
50.626 
50.317 
50.638 
50.128 
50.626 
50.052 
49.977 
35.397 
50.814 
35.309 
51.355000000000004 
-49.686 
50.636 
50.616 
35.339 
35.137 
50.457 
50.755 
35.539 
50.558 
50.158 
50.58 
50.506 
35.223 
50.721000000000004 
35.389 
50.628 
50.412 
50.292 
50.611 
50.968 
50.751 
35.724000000000004 
35.189 
50.197 
50.458 
50.184 
50.675 
50.678 
50.317 
50.824 
50.439 
50.356 
50.531 
50.751 
50.564 
35.467 
50.378 
50.763 
50.346000000000004 
35.085 
50.875 
50.551 
50.75 
50.691 
50.289 
-47.27700000000001 
50.634 
35.248 
50.611 
-47.157000000000004 
50.465 
50.581 
35.382 
50.721000000000004 
50.376 
-49.802 
50.738 
50.45 
50.351 
50.977000000000004 
35.334 
35.287 
35.037 
50.489 
50.629 
50.383 
50.288 
50.494 
50.542 
-44.742000000000004 
35.186 
50.498 
50.422 
50.19 
-50.256 
50.464 
50.27 
-49.639 
50.267 
35.563 
50.759 
50.742 
50.591 
50.488 
50.588 
50.544 
35.033 
50.374 
50.941 
50.65 
50.454 
35.27 
50.701 
50.754 
50.737 
50.526 
50.337 
50.536 
49.986 
50.684 
35.43 
35.283 
50.402 
35.569 
50.112 
50.96 
35.371 
35.134 
35.33 
50.59 
50.605000000000004 
50.768 
50.255 
-44.99000000000003 
35.004 
50.608 
50.576 
50.36 
35.076 
35.482 
50.447 
50.389 
50.597 
35.416 
50.48 
35.264 
50.236 
50.384 
50.368 
-49.755 
50.879 
35.557 
50.658 
50.473 
50.932 
50.339 
51.410000000000004 
34.955 
50.681 
50.385 
50.56 
51.061 
50.553 
50.315 
50.695 
50.319 
50.746 
35.319 
51.028 
35.273 
50.381 
50.557 
35.134 
-49.556 
50.78 
50.728 
50.569 
35.317 
50.735 
50.512 
50.329 
50.272 
50.431 
35.341 
-49.983 
50.366 
49.93 
-49.978 
35.384 
50.438 
35.24 
35.437 
35.256 
50.624 
35.622 
35.36 
50.409 
35.338 
50.62 
50.739 
50.205 
50.458 
50.689 
50.537 
50.814 
50.397 
-49.609 
35.147 
35.469 
34.853 
50.376 
50.436 
35.269 
50.403 
50.335 
-49.833 
50.376 
50.359 
35.092 
35.036 
50.432 
-40.97900000000013 
50.57 
50.484 
50.192 
50.373 
50.757 
50.683 
35.322 
50.364 
50.526 
51.021 
50.386 
50.410000000000004 
50.447 
-49.763 
50.894 
50.533 
50.345 
50.399 
50.266 
-49.627 
50.468 
50.433 
50.501 
35.864 
35.861000000000004 
35.25 
35.313 
50.576 
50.758 
50.44 
50.437 
50.496 
35.259 
35.356 
-49.815 
50.505 
50.7 
50.413 
50.465 
50.296 
50.569 
-49.839 
50.269 
50.892 
50.327 
35.288 
35.33 
50.242 
50.354 
50.901 
50.895 
35.359 
35.592 
35.449 
50.562 
50.466 
50.759 
50.891 
51.121 
-49.786 
50.232 
34.725 
50.562 
35.203 
50.433 
50.39 
50.461 
50.543 
50.862 
50.352 
35.13 
50.541 
49.95 
35.148 
50.71 
50.368 
35.997 
-40.28700000000011 
50.465 
50.57 
50.428 
50.622 
50.365 
50.648 
50.695 
50.472 
35.012 
50.548 
50.45 
50.565 
34.994 
50.454 
50.608 
50.628 
-48.635 
35.372 
50.963 
50.422 
50.628 
35.653 
35.439 
50.809 
50.82 
50.418 
50.410000000000004 
35.449 
50.617 
50.667 
35.148 
50.481 
50.138 
35.423 
50.694 
50.469 
50.469 
50.678 
50.765 
35.410000000000004 
50.695 
50.604 
50.537 
50.623 
50.714 
50.683 
35.012 
35.468 
35.568 
50.538 
50.846000000000004 
50.554 
35.567 
50.676 
50.723 
50.511 
50.457 
35.436 
50.42 
50.578 
35.098 
50.361 
50.095 
50.466 
50.675 
50.35 
51.237 
35.248 
35.459 
50.488 
50.394 
34.988 
50.548 
49.96 
35.447 
-29.688 
35.393 
35.228 
50.851 
50.674 
50.442 
35.493 
50.592 
50.79 
-30.122 
50.258 
35.108 
50.541 
50.601 
-49.269 
36.227000000000004 
35.577 
50.617 
50.775 
-47.565000000000005 
50.539 
51.084 
50.661 
50.495 
35.589 
35.304 
50.652 
50.715 
50.965 
50.611 
50.656 
50.707 
35.38 
50.636 
50.6 
35.52 
50.609 
51.081 
50.818 
50.63 
-49.45 
50.474000000000004 
50.526 
50.898 
35.245 
35.493 
50.57 
-49.734 
49.981 
35.353 
50.491 
50.508 
-48.397999999999996 
50.563 
35.751 
50.747 
35.354 
50.463 
50.524 
50.484 
50.697 
50.651 
35.289 
50.709 
50.061 
50.864 
35.472 
35.413 
50.552 
50.781 
50.981 
51.038000000000004 
50.598 
50.649 
50.22 
50.608 
50.405 
35.533 
-30.111 
36.119 
50.461 
50.998 
50.454 
50.631 
50.673 
50.394 
-49.406 
50.532000000000004 
50.498 
50.635 
50.65 
50.174 
50.01 
50.674 
50.634 
50.568 
50.449 
50.381 
-49.712 
50.522 
50.371 
50.51 
50.54 
50.410000000000004 
35.411 
50.534 
50.445 
50.571 
50.492 
50.523 
50.309 
50.477000000000004 
50.768 
50.756 
50.465 
35.183 
50.432 
50.545 
35.617 
50.498 
35.179 
35.003 
50.407000000000004 
35.026 
35.413 
50.614 
50.633 
35.425 
50.768 
35.353 
50.499 
50.634 
50.455 
50.427 
50.489 
35.337 
50.257 
35.272 
50.556 
50.209 
50.345 
35.339 
51.299 
-46.76000000000001 
50.398 
35.324 
50.755 
50.752 
50.529 
35.175 
35.728 
50.653 
50.985 
50.357 
35.458 
50.434 
35.246 
50.399 
35.272 
35.622 
35.302 
50.587 
50.402 
50.773 
50.727000000000004 
50.412 
50.584 
50.278 
50.636 
50.586 
50.494 
50.415 
50.511 
35.644 
50.571 
50.448 
50.282000000000004 
50.098 
50.602000000000004 
50.67 
50.442 
50.508 
-49.951 
-49.917 
50.874 
50.285 
35.444 
50.333 
50.653 
50.897 
50.307 
50.521 
35.117 
50.682 
50.348 
-49.706 
50.433 
50.53 
50.709 
50.591 
50.013 
50.654 
50.558 
50.824 
50.573 
-49.607 
50.509 
50.328 
50.664 
50.637 
50.567 
50.544 
35.464 
35.398 
50.589 
50.56 
50.633 
35.407000000000004 
50.709 
50.4 
50.492 
50.408 
50.514 
50.755 
50.488 
50.504 
50.552 
35.873 
35.375 
50.660000000000004 
50.962 
35.355 
50.526 
50.442 
50.404 
50.875 
50.542 
51.169000000000004 
50.834 
50.482 
35.591 
50.5 
50.729 
50.906 
50.352 
50.506 
35.295 
-50.229 
50.477 
50.43 
-49.85 
-49.699 
50.711 
50.364 
50.499 
50.13 
50.467 
50.445 
35.01 
50.67 
-49.744 
50.455 
-49.601 
51.128 
50.707 
50.478 
50.47 
34.965 
51.123 
51.025000000000006 
50.695 
50.558 
50.426 
50.267 
50.51 
50.748 
50.713 
50.52 
50.382 
50.434 
50.43 
50.410000000000004 
50.64 
50.598 
50.59 
50.537 
50.717 
50.502 
50.969 
50.497 
50.718 
50.164 
50.416 
50.716 
50.564 
50.525 
50.665 
50.57 
50.717 
50.735 
51.427 
35.349000000000004 
50.603 
50.519 
50.559 
50.407000000000004 
50.404 
50.660000000000004 
50.619 
50.051 
50.667 
50.448 
50.357 
-49.485 
50.431 
50.311 
50.663000000000004 
50.627 
50.564 
51.068 
35.43 
50.613 
50.355 
50.739 
50.731 
50.421 
50.575 
50.801 
35.213 
50.409 
50.696 
50.521 
50.554 
35.37 
50.256 
35.476 
50.476 
50.887 
50.275 
35.311 
35.541 
50.43 
50.61 
35.346000000000004 
-49.82 
35.441 
35.276 
35.466 
35.417 
50.277 
50.86 
50.457 
50.718 
50.347 
35.557 
50.51 
35.178 
50.852000000000004 
50.397 
50.915 
50.156 
50.515 
50.713 
50.461 
35.377 
50.4 
50.127 
50.56 
35.219 
50.691 
50.384 
35.382 
50.57 
35.247 
35.199 
50.7 
50.775 
50.561 
50.419 
50.199 
50.078 
35.312 
50.604 
50.326 
50.914 
50.3 
50.481 
50.581 
50.059 
50.378 
50.552 
50.432 
50.571 
35.482 
50.529 
50.758 
35.543 
50.03 
50.605 
50.328 
50.462 
50.410000000000004 
34.995 
50.739 
50.393 
50.582 
35.324 
50.597 
50.363 
50.384 
-49.533 
50.692 
35.385 
35.329 
50.011 
50.709 
50.729 
50.753 
50.38 
50.702 
50.273 
50.475 
49.993 
35.013 
50.583 
35.451 
50.636 
50.504 
50.387 
-49.533 
50.303 
50.296 
50.532000000000004 
50.064 
50.289 
35.424 
-49.400999999999996 
50.523 
35.293 
35.067 
50.447 
50.525 
50.557 
50.474000000000004 
50.503 
50.143 
50.403 
50.43 
50.526 
35.252 
50.48 
50.668 
35.408 
50.264 
50.35 
50.423 
35.303 
50.324 
50.374 
-49.728 
50.324 
50.48 
50.345 
-49.741 
-49.555 
50.398 
-49.712 
35.239 
50.543 
35.738 
35.466 
35.332 
50.43 
50.458 
-49.744 
35.562 
50.375 
35.412 
50.333 
50.381 
50.38 
50.53 
35.389 
35.303 
50.132 
49.965 
50.432 
50.507 
50.462 
50.409 
50.622 
35.402 
50.165 
34.972 
50.368 
50.47 
35.096 
50.484 
50.345 
50.57 
50.448 
50.684 
50.238 
50.272 
50.511 
50.445 
50.324 
35.281 
50.098 
50.386 
50.558 
50.471000000000004 
35.473 
-49.561 
50.435 
-49.859 
50.503 
50.638 
35.347 
50.58 
50.402 
50.365 
-49.564 
50.277 
50.374 
50.51 
50.141 
50.444 
50.442 
35.203 
50.49 
35.317 
50.534 
50.327 
50.887 
50.636 
50.563 
35.367 
35.368 
50.628 
50.564 
50.225 
50.54 
35.43 
50.408 
50.703 
50.464 
50.015 
34.954 
50.432 
50.518 
50.312 
50.209 
-49.646 
-48.294999999999995 
50.442 
-49.681 
50.696 
50.07 
50.425 
51.434 
50.595 
-49.699 
50.603 
50.017 
50.357 
50.018 
50.168 
50.484 
-50.031 
50.624 
-49.665 
50.445 
-49.734 
50.448 
-46.95300000000001 
50.498 
50.481 
50.18 
50.455 
35.177 
50.644 
50.425 
50.571 
50.114 
-49.707 
50.283 
50.079 
50.405 
50.659 
50.033 
50.387 
50.791000000000004 
50.676 
50.035 
50.522 
50.68 
51.127 
-40.98000000000006 
50.443 
50.243 
50.071 
50.134 
50.546 
50.597 
35.369 
50.633 
-49.778 
50.437 
50.548 
50.511 
50.635 
35.243 
50.387 
50.568 
35.041 
50.839 
35.028 
51.044000000000004 
50.062 
35.879 
35.285 
50.586 
-49.628 
35.388 
50.384 
50.583 
35.037 
35.506 
35.347 
50.619 
50.667 
35.633 
35.182 
35.474000000000004 
50.053 
50.622 
50.453 
35.307 
50.767 
50.021 
35.21 
50.549 
50.038 
35.31 
34.973 
50.816 
50.118 
50.152 
50.055 
50.044 
50.075 
50.51 
50.089 
-48.275 
50.376 
50.467 
50.189 
51.26 
50.437 
35.012 
50.423 
50.294 
-48.253699999999995 
50.328 
50.807 
50.869 
50.737 
50.638 
50.454 
50.094 
50.484 
35.137 
35.063 
50.639 
34.962 
50.291 
50.473 
50.836 
50.024 
35.217 
35.294 
50.241 
-49.461999999999996 
50.916000000000004 
50.483 
50.369 
50.511 
50.482 
50.429 
50.373 
50.404 
35.291 
50.08 
50.087 
-48.266999999999996 
50.43 
50.543 
50.278 
50.368 
50.577 
50.082 
35.023 
50.112 
35.317 
35.507 
-49.808 
50.341 
50.259 
50.083 
50.34 
35.362 
49.96 
-49.721 
35.388 
50.347 
50.042 
35.311 
50.54 
50.09 
50.064 
50.46 
50.482 
50.507 
50.393 
35.411 
-49.845 
50.065 
50.293 
50.705 
50.705 
50.42 
-49.744 
50.551 
35.109 
50.579 
50.34 
-46.825 
50.004 
50.333 
35.013 
50.016 
-47.94699999999999 
50.549 
51.131 
34.963 
51.507000000000005 
50.339 
-49.652 
-49.642 
50.268 
50.033 
50.675 
35.198 
50.568 
50.424 
35.091 
50.612 
50.021 
50.456 
50.52 
50.35 
-28.785999999999994 
50.358 
-48.5366 
50.388 
50.432 
35.648 
50.601 
35.436 
50.424 
50.685 
51.231 
50.534 
50.791000000000004 
50.018 
50.282000000000004 
50.409 
50.165 
50.452 
35.088 
50.465 
50.55 
35.307 
50.382 
50.475 
50.053 
50.467 
50.654 
50.463 
50.763 
50.625 
50.27 
-49.662 
35.399 
50.002 
50.479 
50.694 
35.413 
35.337 
50.004 
50.399 
50.499 
50.164 
50.637 
-47.479 
50.608 
35.191 
50.129 
50.36 
50.67 
50.509 
-49.698 
50.366 
50.328 
50.355 
50.038 
50.008 
50.595 
50.641 
50.178 
50.329 
50.57 
50.314 
50.625 
50.332 
50.397 
50.271 
-43.54700000000011 
50.24 
50.565 
50.456 
50.071 
50.442 
-48.275999999999996 
50.587 
-47.582 
50.601 
35.123 
50.517 
50.795 
50.539 
50.123 
50.207 
50.411 
50.607 
50.97 
51.031 
50.498 
-49.833 
50.444 
50.048 
50.447 
-47.693 
-45.85700000000004 
50.730000000000004 
50.147 
50.815 
50.032 
50.013 
50.55 
-49.813 
50.457 
50.475 
-49.826 
50.636 
50.819 
50.438 
35.067 
50.434 
50.067 
50.306 
50.149 
50.037 
35.178 
34.984 
35.179 
50.168 
51.023 
35.009 
50.536 
51.036 
50.458 
35.25 
50.708 
50.662 
50.784 
35.396 
50.37 
50.414 
50.01 
49.985 
35.248 
49.948 
50.766 
50.472 
50.349000000000004 
34.947 
50.003 
50.768 
-49.89 
50.351 
50.105 
50.661 
50.392 
51.015 
50.396 
50.408 
50.431 
50.081 
50.423 
50.187 
50.358 
50.608 
35.013 
50.462 
50.299 
50.08 
50.541 
50.81 
50.416 
50.609 
50.86 
34.938 
-49.278 
50.225 
50.444 
-49.776 
50.406 
51.058 
35.374 
50.662 
50.559 
50.913000000000004 
50.595 
50.278 
34.984 
35.748 
50.243 
50.779 
50.054 
50.011 
50.586 
50.118 
50.639 
50.474000000000004 
50.401 
50.335 
51.278000000000006 
50.58 
-49.77 
50.35 
50.634 
35.344 
50.571 
50.019 
35.346000000000004 
50.356 
50.425 
35.408 
50.246 
50.614 
50.186 
50.431 
50.625 
50.091 
50.76 
50.43 
50.126 
50.82 
50.444 
50.432 
50.244 
50.408 
50.418 
35.354 
50.463 
50.437 
50.455 
50.511 
50.373 
35.205 
50.055 
50.254 
50.301 
50.089 
35.041 
50.341 
50.414 
35.316 
50.411 
35.362 
50.137 
50.435 
50.216 
50.461 
50.182 
35.006 
35.726 
50.285 
35.527 
50.414 
50.486 
50.453 
50.471000000000004 
50.605 
50.395 
50.443 
50.335 
50.43 
50.721000000000004 
35.455 
50.445 
35.418 
50.587 
50.02 
50.008 
50.511 
50.344 
35.341 
50.292 
35.336 
50.339 
50.336 
50.466 
50.34 
50.376 
50.641 
50.742 
50.406 
50.278 
50.22 
50.463 
35.103 
50.429 
50.315 
50.474000000000004 
35.317 
35.469 
50.712 
50.538 
50.464 
49.977 
50.503 
50.508 
50.531 
50.027 
50.537 
50.523 
50.139 
35.027 
35.253 
50.485 
-29.977 
50.741 
50.485 
50.155 
50.321 
50.203 
35.048 
50.413000000000004 
50.379 
50.4 
50.098 
50.382 
35.022 
50.544 
50.037 
35.223 
50.416 
50.52 
50.095 
-49.679 
50.562 
50.071 
50.49 
50.436 
50.284 
50.503 
35.252 
50.149 
50.67 
50.433 
50.065 
35.369 
50.217 
50.323 
50.568 
50.556 
50.247 
50.199 
50.034 
50.422 
50.282000000000004 
50.332 
50.061 
50.092999999999996 
50.626 
50.44 
-49.504 
50.448 
50.177 
50.332 
50.421 
50.517 
50.519 
35.331 
-49.614 
50.519 
50.29 
50.422 
50.469 
50.571 
50.221000000000004 
50.399 
-49.774 
50.361 
50.04 
50.328 
50.448 
50.419 
50.463 
35.369 
50.399 
50.153 
50.141 
50.451 
50.437 
51.012 
50.607 
35.403 
50.502 
50.255 
50.457 
50.45 
50.347 
-49.758 
50.035 
-49.392 
-49.786 
50.421 
35.28 
50.063 
50.621 
50.23 
50.519 
50.364 
50.197 
50.026 
50.501 
50.616 
50.523 
50.565 
-50.079 
50.37 
35.064 
50.462 
50.171 
50.425 
50.266 
50.568 
50.201 
34.91 
50.091 
50.717 
50.302 
50.441 
50.043 
50.047 
35.238 
50.131 
50.435 
50.443 
50.508 
50.328 
50.415 
50.613 
50.324 
50.831 
50.356 
35.365 
50.056 
50.33 
50.187 
35.12 
35.116 
49.976 
50.167 
50.035 
50.544 
50.086 
50.529 
50.192 
50.482 
50.377 
50.282000000000004 
50.348 
50.461 
50.408 
50.741 
50.407000000000004 
50.127 
50.605 
50.034 
50.072 
50.032 
50.101 
50.542 
50.494 
49.996 
50.187 
50.409 
50.796 
51.189 
50.188 
50.502 
50.498 
50.341 
50.417 
50.539 
50.174 
50.01 
50.182 
35.122 
50.163 
50.392 
50.469 
35.634 
50.372 
50.036 
50.676 
-49.961 
49.99 
50.326 
35.22 
35.378 
50.42 
50.422 
49.99 
50.588 
-49.949 
50.484 
-49.925 
50.537 
50.006 
-49.511 
50.205 
-49.827 
50.37 
50.43 
50.048 
50.389 
50.258 
50.629 
50.119 
50.542 
50.561 
50.09 
50.291 
50.038 
50.48 
35.05 
50.007 
50.667 
50.511 
50.393 
-49.661 
50.331 
50.012 
50.543 
50.404 
50.059 
50.103 
50.156 
-49.745 
50.098 
50.458 
50.217 
50.59 
50.216 
50.771 
50.188 
50.525 
50.266 
50.313 
50.098 
50.066 
50.203 
50.212 
50.402 
50.074 
50.61 
50.631 
50.306 
50.457 
50.42 
50.588 
50.643 
50.389 
50.521 
50.142 
50.410000000000004 
50.421 
50.494 
50.359 
50.336 
34.982 
50.162 
50.595 
35.167 
50.7 
50.208 
35.002 
50.193 
-49.761 
50.415 
-49.803 
35.018 
35.017 
50.197 
-49.975 
50.341 
50.636 
34.963 
50.405 
50.145 
50.436 
50.049 
49.992 
50.552 
50.565 
50.621 
50.001 
50.368 
35.424 
50.1 
50.556 
50.269 
50.345 
50.205 
50.394 
35.011 
50.62 
50.389 
50.196 
50.162 
50.5 
50.28 
50.236 
50.774 
50.432 
50.692 
50.389 
50.373 
-49.876 
50.101 
50.527 
50.456 
50.537 
50.348 
50.094 
50.563 
50.593 
50.191 
50.622 
50.644 
50.506 
50.042 
50.436 
50.689 
35.403 
50.237 
50.348 
50.209 
50.499 
50.475 
50.446 
35.348 
50.205 
50.461 
50.404 
50.295 
50.522 
50.209 
35.166 
50.063 
50.139 
35.349000000000004 
50.354 
50.469 
50.511 
50.535000000000004 
50.062 
50.356 
50.439 
50.548 
50.549 
50.417 
50.322 
-50.024 
35.018 
50.27 
35.297 
50.173 
50.383 
-49.723 
50.274 
50.059 
50.410000000000004 
50.452 
50.449 
35.082 
35.345 
35.427 
-49.637 
50.56 
50.064 
50.557 
50.507 
50.398 
50.57 
50.35 
50.626 
50.499 
50.01 
50.15 
50.37 
50.463 
50.459 
50.241 
50.687 
50.411 
50.587 
50.11 
50.282000000000004 
50.382 
50.541 
50.457 
35.453 
50.536 
50.284 
35.036 
50.263 
50.374 
50.526 
35.375 
50.72 
50.577 
35.347 
50.037 
50.461 
50.652 
50.054 
35.349000000000004 
50.227 
50.053 
50.374 
35.419 
50.459 
50.581 
50.005 
50.485 
50.115 
50.586 
50.008 
50.709 
50.379 
50.208 
50.736 
50.611 
50.602000000000004 
50.488 
50.362 
50.416 
50.571 
50.324 
49.984 
50.491 
50.364 
50.085 
35.275 
50.273 
50.468 
50.136 
50.207 
50.102 
50.399 
50.438 
50.472 
50.447 
50.004 
50.303 
-49.912 
50.312 
-49.814 
50.684 
50.122 
50.003 
50.469 
50.006 
50.014 
50.686 
50.436 
50.421 
35.333 
50.366 
50.444 
50.045 
50.443 
50.223 
50.48 
50.46 
50.424 
50.493 
-49.565 
50.428 
50.144 
50.215 
50.396 
50.479 
50.097 
50.032 
50.381 
50.551 
50.454 
50.726 
50.356 
35.74 
50.674 
50.314 
50.222 
50.392 
50.408 
50.628 
50.409 
35.364 
50.183 
50.381 
50.645 
50.188 
50.392 
50.618 
50.265 
50.487 
50.405 
50.376 
35.462 
50.547 
50.039 
50.406 
50.378 
50.661 
50.36 
50.407000000000004 
50.337 
50.469 
35.219 
50.222 
50.529 
50.031 
50.227 
50.369 
50.43 
50.338 
50.551 
35.259 
50.786 
50.544 
50.375 
35.018 
50.329 
35.3 
50.48 
50.685 
50.389 
50.508 
50.451 
50.422 
50.395 
50.057 
50.16 
-49.805 
50.156 
50.033 
50.029 
50.453 
50.155 
50.117 
50.454 
50.665 
50.383 
50.426 
50.486 
50.132 
50.525 
50.464 
35.234 
50.479 
35.246 
50.392 
50.75 
50.714 
35.171 
50.541 
35.295 
50.479 
50.444 
35.302 
50.032 
50.505 
50.514 
50.335 
50.483 
50.55 
50.47 
49.999 
50.48 
50.469 
50.365 
50.315 
50.458 
50.244 
50.324 
50.725 
50.139 
50.435 
50.391 
50.64 
50.434 
50.327 
50.309 
50.281 
35.313 
50.261 
50.347 
-49.637 
50.55 
50.393 
50.352 
50.522 
50.352 
50.362 
50.034 
50.695 
50.479 
35.341 
35.342 
50.644 
50.372 
50.426 
50.475 
50.286 
50.633 
50.305 
50.399 
35.332 
50.384 
50.461 
50.46 
50.410000000000004 
-49.885 
50.395 
50.43 
50.292 
50.364 
50.383 
50.023 
50.107 
50.34 
50.213 
50.442 
50.384 
50.395 
50.334 
50.118 
50.019 
50.432 
50.345 
50.575 
50.014 
50.361 
50.454 
50.048 
50.339 
35.384 
-49.702 
-30.104 
50.496 
50.2 
34.988 
50.464 
50.292 
50.487 
50.554 
50.477000000000004 
-49.946 
50.478 
50.349000000000004 
-49.747 
50.408 
50.326 
35.413 
50.557 
50.623 
-49.953 
50.062 
50.339 
50.539 
50.059 
50.566 
35.313 
50.419 
50.323 
50.153 
50.568 
50.409 
50.409 
50.148 
50.498 
50.02 
50.402 
50.077 
50.35 
50.074 
50.484 
50.368 
50.449 
50.14 
50.34 
50.226 
50.36 
35.018 
49.988 
50.36 
50.522 
50.368 
35.249 
50.463 
50.033 
50.58 
35.329 
50.277 
50.531 
35.316 
50.344 
50.455 
35.601 
50.193 
50.086 
50.411 
35.315 
50.235 
50.144 
50.598 
50.498 
50.249 
50.236 
50.433 
50.45 
50.426 
49.985 
50.368 
50.381 
50.416 
34.974 
35.397 
50.472 
50.195 
50.245 
50.126 
50.386 
50.258 
50.343 
50.392 
50.339 
50.131 
-49.628 
50.351 
50.34 
50.48 
50.363 
35.709 
50.411 
50.449 
50.26 
50.321 
50.473 
50.587 
50.583 
50.410000000000004 
50.476 
50.452 
50.51 
50.393 
50.555 
50.032 
50.49 
35.06 
50.487 
35.316 
50.361 
50.241 
50.449 
50.382 
50.275 
-49.83 
50.348 
50.466 
50.651 
50.366 
-49.763 
50.438 
50.594 
50.355 
50.381 
50.467 
49.995 
50.465 
35.343 
50.154 
50.595 
50.426 
50.16 
50.579 
50.344 
50.433 
50.575 
50.542 
50.577 
50.541 
50.5 
50.399 
35.312 
50.434 
50.396 
50.333 
50.294 
50.39 
50.407000000000004 
35.372 
50.822 
50.532000000000004 
50.48 
50.277 
50.305 
50.262 
50.513 
50.443 
35.388 
-49.63 
50.487 
50.179 
50.432 
50.402 
50.441 
50.421 
50.386 
50.227 
50.38 
50.452 
50.504 
50.444 
50.383 
50.181 
50.446 
35.298 
50.403 
50.382 
50.616 
50.035 
35.257 
50.467 
50.406 
50.391 
35.377 
50.52 
50.216 
35.362 
50.311 
50.438 
50.748 
50.441 
50.497 
50.376 
50.339 
50.597 
50.347 
50.325 
50.424 
35.351 
50.527 
50.27 
50.533 
50.526 
50.006 
50.353 
35.38 
50.586 
50.314 
50.401 
50.376 
50.523 
50.375 
50.44 
50.34 
50.027 
35.316 
50.417 
50.309 
50.313 
50.615 
50.508 
35.32 
50.311 
50.515 
50.427 
50.484 
50.531 
50.438 
50.713 
50.321 
50.277 
50.315 
50.665 
50.322 
50.402 
50.397 
-49.731 
50.579 
50.442 
50.509 
50.439 
50.494 
50.410000000000004 
50.264 
50.296 
50.171 
-49.733 
50.324 
-49.8 
50.275 
50.408 
50.488 
50.284 
-49.84 
50.496 
50.415 
50.405 
50.036 
50.418 
50.408 
50.385 
50.297 
50.032 
49.991 
50.425 
50.359 
50.291 
35.266 
50.451 
50.394 
50.387 
50.394 
50.582 
50.634 
50.317 
50.478 
50.362 
50.449 
50.242 
35.34 
50.163 
35.012 
50.367 
50.387 
50.328 
35.366 
50.432 
50.391 
50.484 
50.12 
50.366 
50.621 
50.392 
50.265 
50.442 
50.475 
50.439 
50.42 
50.487 
50.453 
50.32 
50.414 
50.556 
50.62 
50.451 
50.283 
50.349000000000004 
50.38 
50.477000000000004 
50.477000000000004 
50.292 
50.348 
50.416 
50.514 
35.373 
50.242 
35.334 
50.418 
50.429 
-49.717999999999996 
50.303 
50.28 
50.451 
50.392 
50.216 
50.505 
50.347 
50.317 
35.224 
50.481 
50.461 
50.543 
50.471000000000004 
50.438 
50.353 
50.472 
50.306 
34.943 
50.522 
50.55 
50.39 
35.321 
50.36 
50.407000000000004 
50.417 
50.627 
50.463 
50.457 
50.461 
50.482 
50.467 
50.364 
50.471000000000004 
50.4 
50.562 
50.341 
50.421 
50.388 
50.324 
50.304 
50.349000000000004 
50.58 
50.419 
50.403 
50.307 
35.298 
50.253 
50.298 
50.33 
50.401 
-49.775 
50.326 
50.376 
50.398 
50.422 
50.443 
35.349000000000004 
50.537 
50.428 
50.418 
35.284 
35.31 
50.578 
50.489 
50.401 
50.479 
50.564 
50.405 
50.445 
50.421 
50.446 
50.621 
50.436 
50.63 
50.47 
50.343 
50.517 
50.497 
-49.762 
35.617 
-49.716 
50.451 
50.507 
50.633 
50.342 
50.399 
35.246 
50.352 
50.377 
50.227 
50.332 
50.39 
50.283 
50.454 
50.396 
50.399 
50.511 
50.23 
35.291 
50.022 
50.636 
50.346000000000004 
50.396 
50.435 
50.372 
50.026 
35.024 
50.083 
50.437 
-49.78 
50.493 
50.408 
50.355 
50.361 
50.343 
50.613 
50.486 
50.457 
50.455 
50.416 
50.456 
50.51 
50.387 
50.493 
50.314 
50.353 
50.195 
50.486 
50.596000000000004 
50.635 
50.232 
50.447 
50.767 
50.569 
50.422 
50.423 
50.493 
50.611 
50.442 
50.53 
35.331 
35.358 
-49.562 
50.486 
50.36 
35.06 
50.378 
50.068 
35.326 
50.438 
50.298 
50.272 
50.425 
50.589 
50.198 
50.502 
50.43 
50.42 
50.303 
50.574 
50.421 
50.193 
50.364 
50.419 
35.32 
50.455 
50.195 
50.348 
35.363 
50.53 
49.993 
50.385 
50.024 
35.283 
50.459 
35.321 
35.362 
50.654 
50.324 
50.427 
50.491 
50.393 
50.383 
50.465 
50.643 
50.094 
50.417 
50.611 
35.381 
50.334 
50.366 
50.505 
50.52 
50.463 
50.493 
50.53 
50.394 
50.195 
50.679 
35.345 
50.033 
50.388 
50.448 
50.269 
35.302 
50.487 
49.983 
50.506 
50.326 
35.007 
34.976 
50.379 
50.16 
50.135 
50.506 
50.32 
50.262 
50.742 
50.354 
35.328 
50.274 
50.409 
50.445 
50.324 
50.624 
35.028 
50.464 
35.248 
50.377 
35.428 
35.174 
50.461 
35.083 
50.029 
50.348 
50.316 
34.999 
35.258 
49.995 
34.977 
50.416 
35.319 
50.38 
50.016 
50.417 
50.575 
50.189 
50.385 
50.483 
50.468 
50.395 
50.573 
50.098 
50.261 
50.407000000000004 
35.145 
50.063 
50.461 
50.515 
50.152 
50.442 
50.532000000000004 
50.524 
50.871 
50.421 
50.457 
50.327 
50.136 
50.535000000000004 
50.004 
35.341 
50.395 
50.516 
50.366 
50.499 
35.224 
50.489 
50.444 
50.366 
50.481 
50.502 
50.444 
50.415 
50.509 
-49.232 
50.397 
50.497 
50.326 
50.38 
50.393 
35.303 
50.629 
50.544 
50.347 
50.455 
50.5 
50.527 
50.492 
50.324 
50.421 
35.471000000000004 
35.39 
50.361 
50.465 
35.353 
35.444 
50.333 
50.415 
50.275 
-49.217999999999996 
50.344 
35.394 
50.405 
50.37 
35.451 
50.457 
50.463 
50.355 
50.433 
-49.858 
50.274 
35.247 
35.288 
50.459 
50.435 
50.572 
50.4 
-49.727 
50.165 
50.426 
50.428 
50.462 
50.342 
50.408 
-49.673 
50.44 
50.477000000000004 
50.509 
50.586 
50.626 
50.113 
50.411 
50.257 
50.514 
50.218 
50.338 
50.757 
50.417 
35.044 
50.516 
50.281 
50.566 
50.372 
50.35 
50.321 
50.081 
50.53 
50.456 
50.491 
50.521 
35.291 
50.485 
50.388 
50.433 
50.428 
50.277 
50.437 
50.535000000000004 
50.417 
50.451 
50.016 
50.451 
50.456 
50.504 
50.537 
50.427 
34.995 
50.409 
50.349000000000004 
50.562 
50.339 
50.453 
50.511 
50.364 
50.264 
50.329 
50.189 
50.538 
50.418 
50.514 
50.416 
50.506 
50.528 
50.377 
50.468 
50.438 
50.485 
50.412 
50.51 
50.347 
50.455 
50.408 
50.089 
50.461 
50.258 
50.478 
50.51 
50.161 
-49.8 
50.397 
50.333 
50.364 
50.432 
50.305 
50.459 
50.499 
50.5 
35.29 
35.21 
50.297 
50.126 
50.448 
50.378 
50.372 
50.037 
50.445 
50.431 
50.464 
50.52 
50.364 
-49.482 
50.039 
50.235 
50.477 
50.423 
50.448 
50.410000000000004 
50.338 
50.402 
50.385 
50.037 
50.545 
50.436 
50.017 
50.061 
50.402 
50.516 
50.498 
50.473 
35.44 
50.354 
50.771 
50.526 
50.489 
50.218 
50.484 
50.497 
50.132 
50.514 
50.545 
50.465 
50.509 
50.352 
50.446 
50.466 
50.512 
50.32 
50.495 
50.423 
50.443 
50.358 
50.463 
50.019 
50.617 
50.464 
35.255 
50.066 
35.314 
35.256 
50.088 
50.325 
50.474000000000004 
50.469 
50.5 
50.554 
50.415 
50.258 
34.969 
-49.489 
50.5 
50.442 
50.526 
50.563 
50.421 
50.436 
50.405 
50.29 
50.547 
50.133 
50.461 
50.681 
50.536 
50.265 
35.3 
50.388 
50.548 
50.157 
35.329 
50.514 
50.428 
50.511 
50.27 
50.39 
50.465 
50.449 
35.259 
50.459 
50.501 
50.324 
50.414 
50.475 
50.378 
50.493 
35.037 
50.534 
35.437 
50.399 
50.143 
50.025 
50.349000000000004 
35.423 
50.608 
50.007 
50.425 
35.407000000000004 
50.366 
-49.54 
50.543 
50.443 
35.242 
50.259 
50.442 
50.252 
50.583 
50.057 
-49.9 
50.494 
50.557 
50.471000000000004 
50.122 
50.356 
50.289 
50.436 
50.01 
50.434 
50.273 
50.02 
50.351 
50.437 
50.17 
-49.81 
50.279 
50.236 
50.359 
50.036 
50.42 
50.035 
50.288 
50.432 
50.332 
50.394 
50.359 
35.095 
50.518 
35.392 
35.325 
50.073 
50.357 
50.005 
50.405 
50.488 
50.446 
50.455 
50.501 
35.325 
50.326 
50.037 
50.465 
50.238 
50.471000000000004 
50.434 
-49.687 
-49.758 
50.37 
50.432 
50.498 
50.423 
50.441 
50.31 
50.318 
50.533 
50.398 
50.473 
50.439 
35.273 
50.477000000000004 
35.253 
50.352 
50.505 
50.312 
50.461 
35.056 
50.385 
50.234 
50.008 
50.473 
50.539 
50.522 
50.068 
50.487 
35.272 
50.453 
50.523 
50.444 
50.404 
35.193 
50.457 
34.981 
50.476 
50.621 
50.404 
35.377 
50.502 
50.549 
35.417 
50.418 
50.253 
50.434 
50.155 
50.369 
50.621 
50.478 
50.346000000000004 
50.445 
50.385 
50.433 
35.286 
50.075 
50.276 
50.012 
50.359 
50.508 
50.417 
50.375 
50.432 
50.316 
50.428 
50.49 
50.04 
50.357 
50.197 
35.553 
50.564 
50.33 
50.081 
50.419 
50.407000000000004 
50.455 
50.444 
50.423 
50.011 
35.058 
50.298 
35.321 
50.487 
50.576 
50.372 
50.535000000000004 
50.452 
50.025 
50.372 
35.052 
50.416 
50.322 
35.357 
50.451 
35.24 
50.471000000000004 
50.024 
50.426 
-49.437 
50.304 
-49.815 
50.345 
50.311 
50.381 
50.487 
50.225 
50.412 
50.564 
50.427 
50.292 
50.38 
50.454 
50.45 
50.51 
50.422 
50.45 
50.449 
50.451 
50.408 
50.333 
35.345 
50.57 
50.007 
50.414 
50.407000000000004 
50.158 
35.435 
50.148 
-49.774 
50.388 
50.436 
50.3 
50.297 
50.313 
50.344 
50.471000000000004 
50.449 
-49.767 
50.537 
50.388 
50.406 
50.289 
50.532000000000004 
50.46 
50.269 
50.175 
50.477000000000004 
50.532000000000004 
-49.82 
35.496 
-49.864 
50.403 
-49.589999999999996 
50.167 
35.307 
50.415 
50.486 
50.417 
35.434 
50.422 
-49.703 
50.452 
50.456 
50.324 
35.358 
35.362 
-49.637 
50.55 
35.406 
-49.641 
50.416 
-49.724 
50.439 
50.5 
50.449 
50.475 
50.087 
35.012 
50.324 
50.378 
50.491 
50.353 
50.438 
50.369 
50.495 
50.043 
50.353 
50.095 
35.322 
50.399 
50.437 
50.066 
50.368 
50.484 
35.361 
50.503 
50.441 
50.479 
50.377 
50.514 
35.023 
50.473 
50.376 
50.441 
50.425 
50.481 
50.582 
50.455 
35.458 
50.314 
50.333 
50.398 
50.552 
50.053 
50.515 
50.45 
50.528 
50.655 
35.01 
50.37 
50.379 
50.519 
-49.309 
35.342 
50.404 
50.42 
50.434 
50.387 
50.375 
50.465 
50.382 
50.523 
50.394 
50.322 
35.428 
50.136 
50.398 
50.411 
35.333 
50.579 
50.544 
50.477000000000004 
50.482 
50.435 
50.394 
50.509 
50.504 
35.336 
35.055 
50.487 
35.259 
50.476 
50.397 
35.532000000000004 
50.373 
50.516 
50.396 
50.456 
50.034 
50.552 
50.171 
35.395 
50.421 
50.397 
50.569 
50.354 
50.398 
50.373 
50.547 
50.35 
50.467 
50.314 
50.465 
-49.658 
50.442 
50.032 
50.396 
50.357 
50.324 
50.429 
50.469 
-49.795 
-49.725 
35.537 
50.33 
50.288 
50.466 
50.447 
50.443 
50.356 
50.432 
50.362 
50.411 
50.447 
50.326 
35.31 
50.438 
50.471000000000004 
50.477000000000004 
50.483 
50.5 
50.486 
50.406 
50.726 
50.415 
50.353 
50.323 
50.338 
-49.65 
50.477000000000004 
50.275 
50.264 
50.283 
50.403 
50.438 
50.341 
50.385 
-49.573 
50.432 
50.471000000000004 
50.357 
50.466 
50.488 
-49.662 
50.311 
50.472 
35.461 
50.492 
50.416 
50.434 
50.461 
35.482 
35.423 
50.274 
50.127 
50.403 
50.451 
50.034 
50.203 
50.457 
-49.778 
50.312 
50.435 
50.481 
50.423 
50.492 
50.466 
50.411 
50.593 
50.52 
35.3 
50.371 
50.384 
50.758 
50.382 
50.524 
35.594 
50.005 
50.515 
35.37 
50.529 
50.662 
50.438 
50.44 
50.364 
50.571 
50.051 
50.408 
50.439 
50.63 
50.43 
50.631 
50.095 
50.474000000000004 
50.437 
50.507 
50.425 
50.501 
50.504 
50.398 
50.341 
50.162 
50.546 
50.547 
35.539 
50.487 
50.393 
50.397 
50.46 
50.522 
50.471000000000004 
50.344 
35.06 
50.471000000000004 
50.43 
50.456 
50.348 
50.382 
50.443 
50.348 
50.412 
50.539 
35.291 
50.415 
35.42 
35.257 
35.393 
50.471000000000004 
50.467 
50.382 
50.401 
50.05 
50.374 
50.393 
35.112 
50.609 
50.042 
50.397 
50.433 
50.471000000000004 
50.427 
50.446 
35.436 
-49.723 
50.428 
-49.788 
50.347 
50.418 
50.448 
50.333 
50.397 
50.452 
50.397 
50.386 
50.415 
50.208 
50.458 
50.441 
50.439 
50.433 
50.452 
50.37 
50.439 
50.465 
50.371 
50.415 
50.42 
50.471000000000004 
50.343 
50.368 
50.414 
50.366 
50.322 
50.319 
50.491 
50.374 
50.446 
50.463 
50.491 
50.333 
50.466 
50.406 
50.49 
50.412 
50.473 
50.461 
50.447 
50.474000000000004 
50.36 
35.024 
50.524 
50.407000000000004 
50.46 
50.491 
50.55 
50.447 
50.53 
50.568 
50.449 
50.409 
50.419 
50.394 
50.432 
50.478 
35.447 
50.421 
50.411 
50.475 
50.506 
50.084 
50.425 
50.092999999999996 
50.475 
35.375 
50.34 
50.469 
50.301 
50.411 
50.374 
35.393 
50.458 
50.397 
50.427 
50.435 
50.468 
50.348 
50.401 
50.391 
50.458 
50.441 
50.36 
50.391 
50.364 
50.448 
35.355 
50.42 
50.411 
50.394 
50.291 
50.17 
50.48 
35.313 
35.283 
35.412 
50.37 
-49.528 
50.487 
50.52 
50.442 
50.345 
50.447 
50.48 
50.01 
50.427 
50.431 
50.449 
50.378 
-49.747 
35.269 
50.393 
50.345 
50.375 
50.489 
-49.662 
50.415 
50.349000000000004 
50.497 
50.404 
50.376 
50.518 
50.442 
50.318 
50.373 
35.366 
50.386 
50.246 
50.347 
50.46 
50.485 
50.479 
50.512 
50.385 
35.352 
50.409 
50.454 
50.447 
50.33 
50.475 
50.432 
50.454 
35.085 
35.461 
50.034 
50.371 
50.558 
50.435 
50.522 
50.517 
50.12 
50.374 
50.368 
50.45 
50.391 
50.05 
50.356 
50.398 
50.333 
50.399 
49.995 
50.418 
50.564 
50.48 
-49.633 
50.338 
50.336 
50.354 
50.548 
50.361 
50.317 
50.533 
50.541 
50.458 
50.404 
50.429 
50.34 
50.392 
50.453 
50.423 
50.444 
50.369 
-49.417 
50.57 
35.462 
50.49 
50.333 
50.407000000000004 
50.468 
50.36 
50.459 
50.348 
50.004 
50.429 
50.437 
50.408 
50.378 
50.379 
50.417 
50.451 
50.494 
50.346000000000004 
49.994 
50.495 
50.422 
50.023 
50.461 
50.025 
50.565 
50.37 
50.334 
50.373 
50.354 
50.254 
50.289 
50.416 
50.545 
50.567 
50.337 
35.028999999999996 
50.44 
50.592 
50.491 
50.421 
50.405 
50.377 
50.324 
50.361 
50.386 
50.309 
35.258 
50.535000000000004 
50.206 
50.452 
50.503 
50.403 
50.33 
50.498 
50.453 
50.334 
50.546 
50.418 
50.397 
50.458 
50.351 
35.295 
-49.679 
50.494 
50.364 
50.363 
50.394 
50.32 
50.385 
50.452 
50.369 
50.366 
50.256 
50.345 
50.411 
50.4 
50.338 
50.426 
35.37 
50.345 
50.395 
35.311 
50.32 
50.388 
50.442 
50.443 
50.505 
35.302 
50.377 
50.418 
50.349000000000004 
50.462 
50.381 
50.446 
50.367 
50.518 
50.478 
50.437 
50.324 
50.35 
50.394 
35.417 
50.438 
50.374 
-49.692 
50.46 
50.393 
50.399 
-49.717999999999996 
50.47 
50.38 
50.458 
50.348 
50.298 
50.432 
50.403 
50.325 
35.3 
50.329 
50.368 
50.404 
50.354 
35.386 
50.222 
50.544 
50.410000000000004 
50.419 
50.449 
50.378 
35.337 
50.497 
50.509 
50.459 
50.368 
50.505 
50.461 
-49.863 
35.359 
50.358 
50.522 
50.399 
50.367 
50.405 
50.326 
50.469 
50.479 
-49.68 
50.443 
50.505 
50.501 
50.156 
50.491 
35.357 
50.419 
50.332 
50.401 
50.451 
50.374 
50.366 
-49.616 
50.417 
50.477000000000004 
35.254 
50.435 
50.511 
50.328 
35.395 
50.519 
50.379 
50.444 
50.386 
50.425 
50.389 
35.331 
-49.664 
35.421 
50.333 
50.382 
50.446 
50.437 
50.398 
50.423 
50.421 
50.492 
50.361 
50.434 
50.386 
50.371 
50.448 
35.029 
50.438 
50.49 
50.431 
35.418 
50.46 
50.569 
50.386 
50.334 
50.535000000000004 
35.422 
50.455 
50.414 
50.489 
35.087 
50.528 
50.464 
50.438 
50.328 
50.410000000000004 
50.174 
50.487 
50.508 
50.427 
50.3 
50.42 
50.288 
50.446 
50.369 
50.491 
50.17 
50.409 
50.353 
50.365 
50.492 
50.501 
50.461 
50.502 
50.417 
50.364 
50.525 
50.475 
50.406 
50.406 
50.495 
50.405 
50.375 
50.457 
50.499 
50.314 
50.406 
50.414 
50.467 
50.36 
35.325 
35.217 
50.386 
50.265 
-49.717999999999996 
50.414 
50.471000000000004 
50.498 
50.405 
50.442 
50.163 
50.461 
50.419 
50.367 
50.384 
50.375 
50.438 
50.38 
50.421 
50.493 
50.461 
-49.592999999999996 
35.383 
-49.679 
50.331 
35.366 
50.392 
50.445 
50.314 
49.995 
35.1 
50.422 
50.471000000000004 
50.092 
50.42 
50.405 
50.502 
50.369 
35.384 
35.414 
35.439 
50.402 
50.411 
50.418 
50.518 
50.37 
50.33 
50.475 
50.49 
-49.74 
50.435 
50.515 
50.318 
50.389 
-49.606 
35.419 
50.54 
50.418 
50.474000000000004 
50.429 
50.517 
50.379 
50.368 
50.33 
50.634 
50.509 
35.339 
50.384 
50.431 
50.395 
50.367 
50.392 
50.452 
50.469 
50.375 
50.493 
50.407000000000004 
50.448 
50.344 
35.344 
50.492 
50.386 
50.434 
50.486 
50.515 
50.469 
50.446 
50.412 
50.349000000000004 
50.331 
35.255 
50.386 
50.441 
50.36 
35.351 
50.344 
50.465 
50.523 
50.506 
35.026 
50.557 
50.39 
50.352 
50.311 
50.314 
50.428 
50.429 
50.402 
50.42 
50.437 
50.442 
50.399 
50.365 
50.448 
35.37 
50.404 
50.507 
50.5 
50.410000000000004 
50.426 
50.412 
50.548 
50.451 
50.376 
50.314 
50.354 
50.453 
50.423 
50.445 
50.295 
50.325 
50.425 
35.365 
50.387 
50.35 
50.348 
50.474000000000004 
50.274 
50.532000000000004 
50.398 
35.394 
50.537 
50.296 
50.347 
50.432 
50.374 
50.312 
50.547 
50.517 
50.33 
50.34 
35.315 
50.157 
50.383 
50.410000000000004 
50.329 
50.374 
50.505 
50.362 
50.398 
50.443 
50.302 
50.37 
50.396 
50.31 
50.39 
50.326 
50.481 
35.317 
50.389 
50.258 
50.498 
50.505 
50.307 
35.43 
50.434 
50.349000000000004 
50.374 
-49.527 
35.398 
50.358 
35.326 
50.344 
50.472 
50.369 
-49.704 
50.367 
35.258 
50.292 
50.393 
50.386 
50.395 
35.363 
50.308 
50.357 
50.444 
50.458 
50.345 
50.347 
50.402 
50.319 
35.308 
50.382 
50.406 
50.411 
50.347 
50.308 
50.207 
50.336 
50.403 
35.265 
-49.773 
50.374 
-49.771 
-49.696 
35.37 
50.363 
35.435 
50.262 
35.354 
50.297 
50.319 
50.354 
35.292 
50.341 
50.392 
50.272 
50.335 
50.454 
50.466 
50.327 
50.347 
50.467 
50.38 
50.428 
50.348 
50.338 
50.337 
50.351 
50.462 
50.453 
50.336 
50.366 
50.336 
50.345 
50.366 
50.421 
50.479 
50.36 
35.187 
35.404 
50.422 
50.27 
50.438 
-49.751 
50.368 
50.418 
50.426 
50.425 
50.539 
50.394 
50.491 
50.431 
50.392 
50.754 
50.147 
50.414 
35.395 
50.423 
-49.632 
50.16 
50.358 
50.445 
50.401 
50.446 
50.368 
50.397 
50.497 
35.397 
50.423 
50.56 
50.518 
50.427 
50.318 
50.521 
50.291 
50.531 
35.377 
50.325 
50.01 
50.23 
50.375 
50.492 
50.278 
35.321 
-48.986 
50.464 
50.32 
50.499 
50.489 
50.361 
-49.665 
50.471000000000004 
50.596000000000004 
50.404 
50.545 
50.377 
50.154 
50.471000000000004 
50.488 
50.393 
50.489 
50.352 
50.466 
50.293 
50.462 
50.373 
50.51 
50.581 
50.456 
50.389 
-49.237 
50.512 
50.395 
50.49 
50.288 
50.538 
50.377 
50.524 
50.443 
50.169 
50.384 
50.461 
50.538000000000004 
50.351 
50.453 
50.421 
50.464 
50.405 
50.381 
35.601 
50.386 
50.432 
50.393 
50.527 
50.379 
50.44 
35.328 
50.395 
50.327 
50.446 
50.43 
50.473 
50.314 
50.433 
50.44 
50.458 
50.441 
50.347 
50.354 
50.403 
35.389 
50.424 
50.069 
50.48 
50.593 
50.451 
50.391 
50.384 
50.378 
35.387 
50.424 
50.378 
35.038 
50.343 
35.284 
50.107 
50.483 
50.298 
50.497 
50.327 
50.423 
35.496 
50.348 
35.01 
50.374 
50.398 
35.122 
50.464 
35.391 
50.394 
50.448 
50.484 
50.346000000000004 
50.462 
50.404 
50.36 
35.4 
49.996 
50.453 
50.482 
35.311 
50.47 
35.184 
50.482 
50.393 
35.438 
50.48 
50.421 
50.361 
50.44 
-49.882 
50.449 
50.346000000000004 
35.36 
50.429 
50.308 
50.479 
50.512 
50.331 
35.493 
35.399 
50.594 
50.474000000000004 
50.467 
-49.678 
50.558 
50.522 
50.403 
50.429 
35.319 
50.382 
50.437 
50.412 
50.343 
50.414 
50.486 
50.453 
50.49 
50.484 
50.548 
50.404 
35.378 
50.377 
50.472 
50.336 
50.346000000000004 
50.372 
50.45 
50.478 
50.297 
50.389 
50.473 
50.402 
35.439 
50.166 
50.353 
50.423 
50.466 
50.449 
50.432 
50.38 
50.429 
50.437 
50.155 
50.384 
50.534 
50.451 
50.496 
35.248 
50.295 
50.449 
50.377 
50.299 
35.347 
50.527 
50.434 
35.004 
50.441 
50.351 
50.339 
50.362 
50.386 
50.372 
50.385 
50.416 
50.275 
-49.636 
50.458 
50.411 
50.396 
50.237 
50.542 
50.491 
50.31 
50.353 
50.427 
50.42 
50.347 
50.322 
50.267 
50.481 
50.36 
50.485 
50.463 
50.408 
50.58 
50.434 
50.43 
50.463 
50.486 
50.391 
50.424 
50.407000000000004 
50.304 
50.403 
50.469 
50.557 
50.415 
50.531 
50.356 
50.338 
50.369 
50.417 
50.42 
-49.685 
50.411 
50.383 
50.461 
35.346000000000004 
50.307 
50.443 
50.281 
50.328 
50.434 
35.355 
50.45 
50.44 
50.464 
50.417 
35.157 
50.321 
50.468 
50.556 
50.428 
50.465 
50.344 
50.436 
50.381 
50.388 
50.272 
50.527 
50.526 
35.334 
50.381 
-49.566 
50.633 
35.3 
50.569 
50.452 
-49.306 
50.478 
50.352 
50.431 
50.344 
50.366 
50.5 
50.356 
50.469 
50.652 
50.528 
50.705 
50.369 
50.261 
50.312 
50.372 
50.425 
50.643 
50.417 
35.312 
50.368 
50.369 
50.368 
50.353 
35.45 
50.411 
50.013 
50.455 
50.458 
50.462 
50.38 
35.478 
35.525 
50.359 
50.4 
50.492 
50.306 
50.462 
50.43 
50.568 
50.485 
50.487 
50.322 
35.368 
50.45 
50.483 
50.437 
50.378 
50.295 
35.491 
50.415 
35.634 
50.321 
50.65 
35.482 
50.407000000000004 
50.39 
50.394 
50.39 
50.39 
50.367 
50.177 
50.434 
50.557 
50.37 
50.423 
50.5 
50.492 
50.478 
50.376 
50.361 
35.416 
50.485 
50.395 
50.338 
50.404 
50.471000000000004 
35.459 
50.455 
50.537 
50.454 
50.341 
50.156 
50.364 
50.296 
50.362 
50.433 
50.494 
50.444 
50.434 
50.4 
50.493 
50.497 
-49.69 
50.313 
50.509 
50.63 
50.428 
-49.66 
50.405 
50.448 
50.404 
50.479 
50.494 
50.49 
35.376 
50.426 
50.517 
50.462 
50.409 
50.334 
50.446 
50.28 
50.309 
50.432 
50.441 
50.563 
50.335 
-49.932 
50.424 
50.606 
50.401 
50.457 
50.421 
50.4 
50.437 
50.532000000000004 
50.429 
50.3 
50.315 
50.325 
35.307 
50.487 
50.385 
50.348 
50.394 
50.296 
50.439 
50.341 
50.341 
50.328 
50.369 
50.43 
35.024 
50.302 
50.382 
35.338 
50.336 
50.538000000000004 
50.441 
35.171 
50.349000000000004 
50.466 
50.467 
50.333 
50.23 
35.36 
-49.82 
50.402 
35.425 
50.031 
50.31 
50.315 
50.444 
35.276 
35.427 
50.385 
50.366 
50.461 
50.467 
50.363 
50.455 
50.541 
35.31 
35.365 
50.016 
35.35 
50.289 
50.345 
50.714 
50.365 
50.275 
50.3 
50.108 
50.351 
-49.712 
50.373 
50.32 
-49.603 
50.464 
50.33 
50.418 
50.471000000000004 
50.453 
50.407000000000004 
50.389 
50.038 
50.496 
50.455 
50.382 
50.739 
50.417 
50.554 
50.395 
50.404 
50.52 
50.353 
50.642 
50.342 
50.386 
50.461 
50.37 
50.489 
50.556 
35.147 
50.356 
50.473 
50.437 
50.442 
50.416 
50.553 
50.25 
50.416 
35.614 
50.392 
50.557 
50.337 
50.408 
35.441 
50.34 
50.464 
50.5 
50.577 
50.453 
50.398 
50.25 
50.411 
50.442 
50.3 
50.463 
50.337 
50.485 
50.389 
50.604 
50.577 
50.449 
50.519 
50.363 
50.425 
50.417 
50.514 
50.45 
50.538000000000004 
50.446 
50.371 
50.484 
35.245 
50.341 
50.535000000000004 
50.337 
50.311 
50.353 
50.482 
50.25 
50.381 
50.523 
35.311 
50.452 
50.585 
-49.6 
50.449 
50.383 
35.638 
35.351 
50.297 
50.525 
50.441 
35.397 
50.364 
50.513 
50.413 
-49.741 
50.333 
50.432 
50.519 
50.427 
50.417 
50.296 
35.289 
50.354 
50.612 
50.503 
50.52 
50.74 
35.354 
50.0 
50.405 
50.526 
35.257 
50.604 
50.295 
50.646 
50.417 
35.269 
50.363 
50.063 
-49.306 
35.189 
50.43 
50.55 
50.58 
50.679 
50.287 
50.448 
50.344 
50.368 
50.769 
50.625 
-49.756 
50.435 
50.446 
50.445 
50.485 
50.354 
50.37 
35.278 
50.316 
50.036 
50.488 
-49.918 
50.31 
50.39 
50.486 
35.236 
50.34 
50.447 
35.383 
50.415 
-49.52 
50.351 
50.513 
50.49 
50.417 
50.428 
50.487 
50.266 
50.407000000000004 
50.531 
50.385 
50.372 
50.396 
50.507 
50.407000000000004 
50.452 
50.448 
50.314 
50.516 
34.983 
50.43 
35.443 
50.654 
50.36 
50.485 
50.038 
50.357 
50.346000000000004 
50.293 
50.465 
50.339 
50.379 
50.245 
50.387 
50.106 
-49.731 
50.436 
50.569 
35.393 
50.269 
50.248 
50.49 
50.398 
35.326 
49.986 
-49.967 
-50.05 
35.099 
50.348 
50.516 
50.591 
50.422 
50.424 
35.37 
50.473 
-49.921 
35.366 
50.484 
50.059 
50.377 
50.374 
50.314 
50.373 
50.341 
35.539 
50.484 
50.414 
50.374 
35.371 
50.554 
50.378 
50.462 
50.382 
50.361 
50.449 
50.495 
50.382 
50.413000000000004 
50.537 
35.382 
50.402 
35.035 
50.579 
50.527 
50.395 
50.422 
50.443 
50.64 
35.095 
50.294 
50.521 
50.493 
50.309 
50.315 
50.605000000000004 
50.431 
50.512 
50.473 
50.47 
50.459 
50.513 
35.439 
50.458 
50.284 
50.413 
35.33 
50.435 
50.612 
50.354 
50.43 
50.385 
50.43 
50.362 
50.323 
50.365 
50.526 
50.419 
50.573 
50.432 
50.342 
50.383 
35.411 
50.426 
35.385 
50.318 
50.533 
50.286 
35.025 
50.454 
50.374 
50.285 
50.524 
50.411 
50.515 
50.436 
35.341 
50.395 
50.475 
35.012 
50.453 
50.321 
50.327 
35.313 
50.331 
35.386 
50.371 
50.418 
50.375 
50.458 
50.402 
50.483 
50.441 
50.503 
50.409 
50.498 
50.411 
50.214 
50.331 
50.621 
-49.791 
35.363 
50.465 
50.247 
50.412 
50.456 
50.411 
50.366 
50.38 
50.49 
35.38 
50.425 
50.471000000000004 
50.537 
50.408 
35.362 
50.379 
50.518 
50.386 
50.388 
50.351 
50.382 
50.348 
50.224 
50.343 
35.375 
50.503 
50.426 
35.466 
50.296 
50.427 
50.501 
50.354 
50.384 
50.322 
50.38 
50.314 
50.387 
35.319 
50.352 
50.374 
50.486 
50.388 
50.471000000000004 
50.445 
50.334 
35.424 
50.431 
50.342 
50.362 
50.385 
50.349000000000004 
50.481 
50.417 
50.489 
50.277 
50.5 
35.358 
50.528 
50.353 
50.443 
50.342 
50.391 
50.377 
50.451 
50.388 
50.45 
50.395 
35.311 
50.471000000000004 
50.348 
50.541 
50.434 
50.333 
50.411 
50.588 
50.52 
-49.721 
50.4 
50.33 
50.514 
50.368 
50.395 
50.45 
50.526 
50.61 
50.457 
50.447 
50.47 
35.409 
50.457 
50.309 
50.405 
50.691 
50.416 
50.512 
50.418 
50.321 
50.449 
50.505 
50.351 
50.410000000000004 
50.334 
50.435 
50.402 
50.407000000000004 
50.433 
50.537 
50.388 
50.483 
50.386 
50.535000000000004 
50.457 
50.328 
50.446 
50.357 
50.452 
50.46 
50.403 
50.419 
50.13 
50.369 
50.476 
35.436 
50.386 
50.368 
50.206 
-49.737 
50.484 
35.581 
50.395 
50.395 
50.347 
50.377 
50.328 
35.33 
50.272 
50.387 
50.424 
35.34 
50.468 
35.393 
50.338 
50.457 
50.399 
50.374 
50.543 
50.545 
50.485 
50.006 
50.367 
50.492 
50.515 
50.414 
50.536 
35.034 
50.431 
50.199 
50.394 
50.402 
50.394 
50.486 
50.38 
50.343 
50.428 
50.348 
50.401 
50.433 
50.191 
50.422 
50.411 
50.335 
35.527 
50.345 
50.463 
50.413 
35.403 
50.37 
50.447 
50.458 
50.501 
50.410000000000004 
50.519 
-49.863 
35.337 
50.411 
50.364 
50.183 
50.361 
50.314 
50.324 
50.091 
50.582 
50.479 
50.536 
50.45 
50.556 
50.49 
50.421 
50.361 
50.494 
50.432 
50.562 
50.57 
50.376 
50.445 
50.405 
50.427 
50.502 
50.367 
50.356 
35.188 
50.395 
50.391 
35.03 
50.448 
50.395 
50.349000000000004 
35.329 
50.437 
50.456 
35.091 
50.462 
50.012 
50.495 
50.46 
50.345 
50.466 
50.504 
50.389 
50.366 
50.34 
50.381 
50.379 
50.358 
50.372 
50.501 
50.274 
50.347 
50.378 
50.434 
50.359 
50.482 
50.398 
50.395 
50.4 
50.499 
50.447 
50.007 
-49.544 
50.35 
50.438 
49.966 
-49.433 
50.4 
50.372 
50.437 
50.442 
50.447 
50.497 
50.347 
50.52 
50.435 
50.5 
50.43 
50.45 
50.345 
50.476 
50.52 
50.467 
50.434 
50.393 
-49.665 
50.432 
50.448 
50.329 
-49.688 
35.213 
35.325 
50.473 
50.335 
50.347 
50.411 
50.478 
50.458 
50.018 
50.454 
50.412 
49.991 
50.374 
50.184 
50.411 
50.461 
50.438 
50.365 
50.463 
50.394 
50.332 
50.338 
50.302 
50.399 
50.425 
50.454 
50.433 
50.464 
50.629 
50.57 
50.289 
50.668 
50.503 
50.38 
50.389 
50.45 
35.224 
50.410000000000004 
50.49 
35.329 
50.347 
50.539 
50.414 
50.431 
50.379 
50.391 
50.131 
50.476 
50.38 
50.582 
50.462 
50.495 
50.502 
50.462 
50.266 
50.479 
50.432 
50.507 
50.476 
50.359 
50.422 
50.394 
50.307 
35.431 
35.289 
50.404 
50.341 
50.384 
50.461 
50.46 
50.562 
50.324 
50.433 
50.525 
50.081 
50.18 
50.363 
50.469 
50.39 
50.375 
50.368 
50.386 
50.426 
50.39 
35.387 
35.366 
50.394 
50.492 
50.473 
50.342 
50.248 
50.359 
50.484 
50.524 
35.383 
50.454 
50.443 
50.351 
50.528 
50.356 
50.439 
50.361 
-49.505 
50.382 
50.382 
50.482 
50.517 
50.106 
50.326 
35.355 
50.521 
50.375 
50.1 
50.321 
50.461 
50.415 
50.368 
50.394 
50.325 
50.391 
50.494 
50.45 
50.506 
50.343 
50.352 
50.536 
35.12 
50.419 
50.352 
50.467 
50.453 
50.361 
50.521 
50.366 
50.126 
50.459 
50.434 
35.374 
50.405 
50.5 
50.4 
50.53 
50.379 
50.407000000000004 
50.475 
50.387 
34.986 
35.286 
50.373 
50.42 
50.314 
50.397 
50.383 
50.398 
50.422 
50.385 
50.455 
50.411 
50.449 
50.303 
35.526 
50.305 
50.373 
50.265 
50.331 
50.418 
50.346000000000004 
50.513 
50.396 
50.373 
50.354 
50.074 
50.387 
35.498 
50.38 
50.482 
50.413 
50.346000000000004 
50.353 
50.413 
50.151 
50.458 
50.351 
50.335 
50.419 
50.356 
50.374 
35.231 
50.398 
50.379 
50.466 
50.402 
50.369 
50.413000000000004 
50.361 
35.353 
50.436 
50.343 
50.347 
35.297 
35.353 
35.445 
35.385 
50.38 
-49.729 
50.486 
50.298 
50.379 
50.365 
35.29 
50.341 
50.361 
50.056 
50.363 
50.52 
50.433 
50.402 
50.377 
50.494 
50.465 
50.386 
50.416 
50.45 
50.23 
50.363 
50.389 
35.246 
50.749 
50.481 
50.419 
50.46 
50.379 
50.292 
50.46 
50.365 
35.410000000000004 
50.255 
50.348 
-49.826 
50.324 
50.382 
50.363 
50.364 
50.448 
50.39 
50.394 
50.298 
50.367 
50.344 
50.456 
50.399 
50.331 
50.645 
50.246 
35.298 
34.984 
35.286 
50.324 
50.391 
50.327 
50.404 
-49.939 
50.456 
50.401 
50.383 
50.321 
50.361 
50.461 
50.388 
50.454 
50.381 
50.389 
50.457 
35.349000000000004 
50.397 
50.425 
50.410000000000004 
50.329 
50.386 
50.499 
50.244 
35.275 
50.338 
50.428 
50.489 
35.321 
50.441 
50.404 
50.364 
50.477000000000004 
35.295 
50.458 
50.349000000000004 
50.315 
35.357 
50.427 
50.431 
50.342 
35.338 
50.386 
50.429 
50.416 
50.441 
50.392 
50.581 
50.459 
35.359 
50.236 
50.487 
50.364 
50.334 
50.38 
50.43 
50.454 
50.396 
50.496 
50.391 
50.433 
50.395 
50.4 
50.379 
50.423 
50.308 
50.415 
50.279 
50.457 
50.473 
50.333 
50.357 
50.235 
50.436 
50.374 
50.416 
50.359 
50.453 
50.37 
50.279 
35.265 
50.265 
50.392 
35.313 
50.365 
50.455 
50.455 
35.324 
50.154 
35.364 
50.295 
50.312 
35.282000000000004 
50.443 
35.328 
50.55 
35.413 
50.393 
50.451 
50.347 
50.427 
50.468 
50.387 
50.16 
50.318 
50.344 
50.339 
50.318 
50.354 
35.33 
50.339 
50.459 
50.438 
50.428 
35.339 
35.378 
50.338 
50.385 
50.38 
50.334 
50.329 
35.188 
50.333 
50.3 
50.393 
50.307 
50.382 
50.387 
35.32 
50.447 
50.118 
35.324 
50.361 
50.467 
35.007 
50.231 
50.449 
50.406 
50.35 
50.384 
35.301 
50.343 
50.517 
50.135 
35.313 
50.348 
50.394 
50.411 
50.043 
50.407000000000004 
35.406 
50.538000000000004 
50.405 
50.309 
50.410000000000004 
35.277 
50.43 
50.417 
50.416 
50.528 
50.364 
35.316 
50.362 
50.431 
50.453 
35.249 
50.421 
50.25 
50.39 
50.222 
50.386 
50.449 
50.341 
50.304 
50.445 
35.448 
50.433 
50.498 
50.361 
50.410000000000004 
50.381 
50.464 
50.344 
50.414 
50.581 
50.404 
50.328 
50.402 
50.299 
50.39 
50.482 
50.336 
50.51 
50.435 
50.453 
50.461 
50.294 
50.415 
50.202 
50.339 
50.379 
50.413000000000004 
35.548 
50.45 
50.384 
50.351 
50.333 
50.521 
50.363 
50.351 
50.438 
50.343 
50.478 
50.348 
50.29 
50.372 
50.294 
50.424 
50.36 
50.374 
50.286 
50.427 
50.461 
50.412 
50.376 
35.295 
35.385 
35.422 
35.383 
50.371 
50.629 
50.23 
-49.35 
50.465 
50.331 
50.313 
50.483 
35.336 
50.294 
50.436 
50.579 
50.443 
50.737 
50.505 
50.388 
50.403 
50.321 
50.476 
50.305 
50.319 
50.375 
50.366 
50.382 
50.326 
-49.66 
50.447 
50.378 
50.333 
35.311 
50.355 
35.419 
50.403 
50.412 
50.351 
50.423 
50.407000000000004 
50.357 
35.362 
50.367 
50.563 
50.387 
50.395 
50.448 
50.394 
50.339 
35.337 
35.291 
50.415 
50.326 
50.326 
35.26 
50.404 
50.332 
50.347 
50.352 
50.207 
50.361 
35.279 
35.321 
50.358 
50.372 
-49.802 
50.31 
35.178 
50.36 
50.378 
50.377 
50.393 
50.376 
50.332 
50.354 
50.444 
35.328 
50.452 
50.362 
50.478 
50.329 
50.299 
50.386 
50.354 
35.323 
35.349000000000004 
50.402 
50.258 
50.410000000000004 
50.337 
50.326 
35.324 
50.314 
50.427 
35.297 
35.342 
50.324 
50.363 
50.39 
50.311 
50.487 
-49.653 
50.389 
35.432 
50.443 
50.511 
50.388 
50.268 
50.309 
50.328 
50.312 
50.406 
50.389 
50.441 
50.399 
50.284 
50.415 
50.42 
-49.72 
50.39 
50.381 
50.381 
50.476 
50.346000000000004 
35.373 
50.511 
50.322 
50.427 
50.212 
50.336 
50.351 
50.357 
35.253 
50.434 
50.369 
50.349000000000004 
50.098 
50.415 
50.371 
50.39 
35.154 
50.443 
50.323 
-49.794 
50.493 
50.433 
50.516 
50.428 
50.365 
50.382 
50.292 
50.365 
50.346000000000004 
50.381 
50.307 
50.364 
50.396 
50.342 
50.323 
50.318 
50.386 
50.356 
50.422 
50.358 
50.333 
50.33 
35.333 
50.292 
50.353 
50.32 
50.341 
50.312 
50.404 
35.367 
-49.716 
50.399 
50.422 
50.401 
50.389 
50.397 
50.432 
50.339 
50.305 
50.367 
50.367 
50.335 
50.354 
50.296 
50.332 
35.37 
50.391 
50.457 
50.348 
50.391 
50.44 
35.374 
50.357 
50.285000000000004 
50.404 
50.398 
50.391 
50.31 
50.335 
50.046 
35.347 
50.363 
-50.119 
35.273 
50.392 
50.365 
50.23 
-49.66 
50.477000000000004 
35.32 
50.393 
50.417 
50.341 
50.353 
50.376 
50.411 
50.371 
50.341 
50.323 
50.449 
50.327 
35.361 
50.373 
50.375 
35.424 
50.429 
50.333 
50.426 
35.328 
50.337 
50.434 
50.404 
50.465 
50.276 
35.31 
50.315 
50.343 
50.382 
50.38 
50.33 
35.443 
50.351 
35.308 
50.358 
50.37 
50.427 
50.403 
50.452 
50.444 
50.381 
50.425 
35.358 
50.367 
50.337 
50.425 
50.393 
50.453 
35.315 
50.361 
50.448 
50.304 
50.491 
50.331 
35.302 
50.378 
50.410000000000004 
35.386 
50.403 
50.294 
50.375 
50.431 
50.410000000000004 
50.338 
50.367 
50.434 
50.343 
50.415 
50.356 
50.327 
50.367 
50.368 
50.366 
50.407000000000004 
50.307 
50.42 
50.359 
50.468 
50.487 
50.329 
50.362 
50.334 
50.489 
50.305 
35.372 
50.369 
50.43 
35.381 
50.304 
50.376 
50.322 
50.278 
50.371 
50.312 
50.314 
50.319 
50.35 
35.338 
50.339 
50.4 
50.432 
50.405 
35.336 
50.308 
50.406 
50.351 
50.392 
50.344 
50.459 
50.331 
35.335 
35.336 
50.363 
50.452 
50.396 
50.288 
50.388 
50.342 
50.319 
50.346000000000004 
35.35 
50.344 
50.359 
50.402 
50.363 
50.371 
50.476 
50.329 
50.334 
50.391 
50.339 
50.372 
50.401 
50.416 
50.410000000000004 
50.283 
50.45 
35.33 
-49.739 
50.410000000000004 
-49.8 
50.428 
50.315 
35.336 
50.417 
35.402 
35.329 
35.338 
50.397 
50.324 
50.425 
50.405 
50.453 
50.416 
50.299 
50.401 
50.266 
50.332 
35.316 
50.404 
50.354 
50.369 
50.365 
50.389 
50.003 
50.33 
50.244 
50.359 
50.451 
50.357 
50.291 
35.382 
50.408 
50.331 
50.325 
50.371 
50.376 
35.433 
50.39 
50.371 
50.33 
50.461 
-49.679 
50.415 
50.416 
50.358 
50.296 
50.439 
50.386 
50.387 
50.36 
50.322 
50.291 
50.403 
50.321 
50.348 
-49.694 
50.301 
50.37 
50.349000000000004 
50.410000000000004 
50.53 
50.351 
-49.803 
35.312 
50.342 
50.36 
50.368 
50.291 
50.36 
50.342 
50.305 
50.457 
50.345 
50.415 
50.324 
50.45 
35.384 
35.355 
50.268 
50.346000000000004 
50.304 
35.302 
50.333 
50.379 
50.529 
50.304 
50.356 
50.43 
50.392 
50.274 
50.336 
-49.709 
50.279 
50.329 
50.407000000000004 
50.357 
50.419 
50.322 
50.336 
50.426 
50.343 
50.44 
35.384 
50.44 
50.377 
50.262 
50.391 
50.326 
50.417 
50.333 
50.346000000000004 
50.333 
-49.7 
50.666000000000004 
50.289 
50.283 
50.425 
50.266 
50.431 
34.986 
50.328 
35.321 
50.325 
50.353 
35.386 
50.354 
50.343 
50.27 
50.427 
50.462 
50.345 
50.35 
50.067 
50.334 
50.388 
50.325 
50.314 
50.396 
50.33 
50.479 
50.445 
50.323 
50.273 
50.167 
50.366 
50.342 
50.396 
50.384 
50.401 
50.307 
50.311 
50.399 
50.341 
50.353 
50.357 
35.386 
50.407000000000004 
35.326 
35.327 
50.418 
50.387 
50.309 
50.442 
50.416 
50.332 
35.144 
50.346000000000004 
50.453 
50.432 
50.466 
50.319 
50.356 
50.401 
50.409 
50.376 
50.37 
50.408 
50.375 
50.296 
35.361 
50.373 
50.382 
-49.78 
50.438 
50.3 
50.361 
35.272 
35.302 
50.315 
50.411 
50.296 
50.436 
-49.81 
50.371 
50.387 
35.291 
35.384 
50.356 
50.354 
50.435 
50.297 
50.399 
50.44 
50.097 
50.45 
50.387 
50.319 
50.418 
50.363 
35.45 
50.327 
50.441 
50.474000000000004 
50.438 
50.395 
50.37 
50.476 
50.422 
50.415 
50.384 
50.386 
50.296 
50.417 
50.503 
50.396 
50.433 
50.213 
50.353 
50.369 
50.437 
50.33 
50.163 
50.385 
50.386 
50.312 
50.346000000000004 
35.393 
50.304 
-49.77 
50.377 
-49.641 
50.398 
50.322 
50.215 
50.354 
50.442 
50.136 
50.437 
50.375 
50.493 
50.394 
50.387 
50.385 
50.32 
50.462 
50.476 
50.287 
50.364 
50.352 
50.406 
50.303 
35.344 
50.419 
50.329 
50.376 
50.479 
50.397 
50.389 
50.414 
50.299 
50.399 
50.497 
35.342 
50.399 
50.428 
50.45 
50.33 
50.4 
35.309 
50.38 
50.424 
-49.861 
50.19 
50.409 
35.024 
50.444 
50.351 
50.415 
50.376 
50.402 
50.383 
50.419 
50.374 
50.456 
50.364 
50.39 
50.419 
50.37 
50.382 
50.481 
50.342 
35.317 
50.356 
50.342 
50.332 
50.399 
50.419 
50.427 
50.414 
50.423 
50.45 
50.425 
50.442 
50.316 
35.287 
50.339 
35.445 
50.398 
50.408 
50.463 
35.304 
50.435 
50.418 
50.041 
50.476 
50.427 
50.373 
50.421 
50.487 
50.325 
50.406 
50.404 
50.351 
50.346000000000004 
50.428 
50.403 
50.417 
50.346000000000004 
50.467 
50.367 
35.284 
50.421 
50.42 
50.398 
50.409 
