-49.8635 
-49.85 
-49.8195 
-49.8595 
-49.988 
-49.8945 
50.2345 
-49.846 
-49.804 
-49.989 
50.0975 
-49.976 
-49.897 
-49.834 
-49.918 
49.9975 
-49.7625 
-49.986 
-49.9445 
50.176 
-49.91 
50.0095 
-49.979 
-49.6845 
-49.8245 
-49.7505 
-49.8495 
-49.878 
-49.7535 
50.0185 
-49.8695 
-29.781 
-49.9705 
-49.883 
-49.765 
-49.892 
-49.9215 
-49.8065 
-49.7175 
-49.9855 
-49.832 
-49.885 
-49.807 
-49.9845 
-49.836 
50.0335 
-49.9375 
-49.667 
-49.9215 
-49.841499999999996 
-49.8055 
-49.8575 
-49.7105 
34.991 
-49.768 
-49.865 
50.0925 
-49.806 
-49.9835 
-49.941 
-50.003 
-49.662 
49.9805 
-49.874 
-49.911 
50.009 
-49.7905 
-49.769 
-49.7115 
-49.7285 
-49.8295 
50.196 
-49.885 
-49.805 
-49.796 
-49.785 
49.991 
49.994 
49.975 
-50.0105 
-49.975 
-49.877 
-50.006 
-49.7435 
-49.9815 
-49.949 
-49.7905 
-49.755 
-49.841 
-49.727 
35.1915 
-49.988 
-49.829 
-49.9745 
-49.8 
50.025 
-49.726 
50.066 
50.231 
-49.84 
-49.9525 
-49.726 
-49.9615 
49.996 
-49.894 
-49.9435 
-49.8755 
-49.9825 
-49.8715 
-49.8565 
49.9945 
-49.815 
-49.8865 
-49.8245 
-49.9415 
-49.9945 
-49.8335 
-49.8475 
-49.979 
-50.0045 
-49.986 
-49.7335 
-49.641 
-49.78 
-49.958 
-49.771 
49.997 
50.173 
-49.879 
50.0575 
-49.8915 
-49.829 
-49.763 
-49.9745 
-49.6945 
-49.982 
-49.9 
34.9925 
-49.793 
-49.891 
50.0555 
-49.9165 
-49.9035 
-49.8805 
50.136 
50.024 
-49.8325 
-49.6995 
50.002 
49.9905 
-49.9835 
-49.7905 
-49.8075 
50.2155 
-49.9405 
-49.724 
50.0235 
-49.8395 
49.9965 
-49.9855 
-49.934 
-49.79 
35.197 
50.003 
-49.97 
-49.9685 
50.092 
50.0405 
50.0885 
-49.8275 
49.995 
-49.7725 
49.992 
-49.9465 
-49.765 
-49.7815 
-49.8155 
50.033 
-49.819 
-49.8215 
-49.9005 
-49.907 
-49.844 
-49.803 
49.9925 
50.077 
-49.95 
-49.9825 
-49.835 
-49.6955 
49.9925 
-49.9795 
-49.8425 
-49.991 
-49.8455 
-49.8265 
50.0955 
-49.737 
-50.0065 
-49.8215 
-49.7875 
-49.991 
-49.8205 
-49.778 
-49.9265 
-49.7265 
-49.818 
-49.903 
-49.8635 
-49.95 
50.104 
50.0065 
-49.76 
-49.846 
-49.841499999999996 
-49.859 
50.006 
-49.8545 
50.008 
-49.875 
-49.748 
-49.815 
50.042 
50.0135 
-49.8745 
-49.7925 
-49.921 
-49.8335 
49.9905 
-49.7705 
50.031 
-49.8805 
50.154 
-49.709 
-49.79 
-50.0 
-49.9905 
50.016 
-49.888 
-49.967 
-49.9125 
50.234 
-49.776 
50.0395 
-49.8435 
49.9805 
-50.0135 
-49.945 
-49.841 
-49.798 
-49.982 
-49.8675 
-49.7975 
-49.8595 
-49.9345 
35.128 
-49.811 
50.1545 
-49.943 
-49.8295 
-49.985 
-49.8485 
50.001 
-49.949 
-49.8865 
-49.94 
-49.786 
-49.9005 
-49.6975 
50.017 
-49.9835 
-49.784 
50.052 
-49.926 
-49.7505 
50.002 
50.0105 
50.0555 
-49.84 
-49.8435 
-49.9885 
49.992 
35.043 
50.2675 
-49.7475 
35.0495 
35.1745 
50.026 
50.022 
49.998 
-49.8515 
-49.8045 
-49.9185 
50.1225 
-49.7755 
-49.74 
-50.018 
50.0995 
50.173 
-49.9915 
50.02 
50.129 
50.0265 
-49.8485 
-49.9805 
50.2455 
-49.7255 
-49.8585 
35.0405 
-49.9885 
-49.77 
-49.578 
-49.9945 
-49.8735 
49.9965 
-49.975 
-49.925 
50.223 
-49.7635 
50.143 
-49.915 
50.0815 
-50.005 
50.254 
-49.7185 
-49.9995 
50.124 
-49.7655 
35.204 
50.2025 
35.1075 
-49.7725 
35.0975 
50.119 
-49.7365 
-49.805 
35.0395 
-49.7605 
-49.7615 
50.0 
50.12 
50.1315 
50.158500000000004 
-49.8895 
-49.8945 
50.007 
50.1525 
-49.7885 
50.007 
-49.862 
50.152 
-49.938 
50.0165 
-49.908 
-49.9325 
-49.845 
-49.775 
50.029 
50.0875 
35.1705 
50.027 
50.0765 
-49.9535 
-49.794 
-49.814 
-50.0035 
50.0375 
-49.886 
-49.8475 
-50.011 
-49.723 
-49.845 
49.994 
-49.796 
50.0575 
50.019 
-49.87 
50.041 
-49.745 
-50.0 
-49.851 
-49.753 
-49.888 
-49.945 
49.9955 
-49.99 
50.0755 
-49.782 
35.0595 
50.004 
-49.893 
-49.815 
50.2055 
-49.813 
-49.6765 
50.101 
-49.8575 
-49.6965 
50.0715 
35.057 
50.1195 
-49.89 
35.1475 
-49.8545 
-49.998 
-49.8145 
-49.9765 
49.9935 
50.002 
50.0235 
35.0805 
-49.979 
-49.945 
50.034 
-49.9475 
-49.9235 
-49.8405 
49.9995 
50.0245 
-49.984 
49.993 
-49.8485 
-49.9675 
50.012 
-49.851 
50.0155 
-49.8595 
-49.8685 
-49.8755 
50.053 
50.0905 
50.119 
49.993 
-49.849 
-49.8105 
-50.002 
-49.984 
50.0395 
-49.8075 
50.0365 
50.0075 
-49.9095 
-49.8945 
-49.867 
50.0285 
35.219500000000004 
-49.8375 
50.026 
35.038 
50.065 
-49.805 
-50.0065 
49.9795 
-49.8285 
-50.019 
49.9925 
50.003 
-49.794 
-49.8625 
-49.884 
-49.872 
50.0135 
35.021 
49.9915 
35.021 
50.0215 
-49.873 
-49.796 
-49.786 
50.0355 
50.0055 
-49.835 
-49.99 
-49.819 
-49.808 
-49.9495 
-49.703 
-49.771 
-49.972 
35.2595 
-49.802 
-49.9245 
-49.8395 
35.025 
-49.888 
-50.0185 
-49.8445 
50.016 
-49.9615 
-49.8255 
50.0355 
-49.78 
-50.0125 
-49.87 
-49.9985 
49.9895 
-49.918 
-49.937 
-49.8625 
50.003 
49.9905 
-49.7365 
-49.959 
-49.994 
-49.862 
50.0545 
35.0045 
-49.8925 
34.978 
50.2115 
35.2295 
-49.891 
35.05 
-49.746 
50.076 
-49.515 
49.9995 
-49.812 
35.0405 
-49.9475 
-49.8145 
-49.772 
50.1805 
50.009 
50.0085 
-49.849 
50.12 
-49.926 
-49.485 
50.063 
-49.995 
50.002 
-49.7765 
-49.882 
-49.78 
50.0225 
-50.0155 
-49.848 
50.21 
50.0635 
-49.78 
50.1075 
50.0065 
-49.893 
49.99 
50.0165 
-49.985 
50.0055 
34.991 
-49.801 
50.089 
-49.943 
50.256 
-49.978 
50.0015 
50.135 
-49.983 
50.018 
50.2205 
-49.852 
49.9925 
50.2175 
-49.7845 
-49.8755 
50.131 
35.0655 
-49.777 
-49.9445 
50.1475 
35.1055 
50.027 
50.041 
-49.949 
49.9845 
35.0175 
-49.9245 
-49.979 
-49.929 
50.1495 
34.982 
50.0345 
-49.85 
-49.857 
-49.9795 
-49.9865 
50.1005 
-49.932 
50.253 
-49.7865 
35.175 
-49.9325 
49.986 
-49.742 
-49.9705 
50.0455 
-49.7075 
50.013 
-49.964 
50.03 
-49.817 
50.031 
-49.777499999999996 
50.1865 
34.987 
-49.896 
-49.756 
50.1665 
50.0005 
49.988 
-49.926 
50.0045 
-49.899 
50.017 
-49.771 
-49.8745 
-49.986 
50.0235 
50.1485 
-49.964 
-49.996 
35.19 
-49.791 
-49.778 
50.1805 
50.0025 
-49.901 
-49.8005 
50.084 
49.983 
-49.815 
34.994 
50.0445 
49.988 
-49.765 
35.002 
50.228 
49.9835 
50.182 
-49.9545 
-49.8225 
50.161 
35.2455 
-49.981 
-49.78 
-49.9315 
-49.955 
-50.0015 
-49.949 
-49.7265 
-49.8915 
-49.6245 
-49.646 
-49.9345 
35.1035 
-50.003 
50.036 
34.992 
50.024 
50.202 
34.9935 
50.001 
50.0355 
-50.0145 
50.1465 
-49.7315 
-49.8825 
-49.879 
-49.9705 
50.0235 
35.0295 
-49.8665 
49.9895 
-49.84 
50.0105 
50.026 
-49.742 
50.046 
34.9975 
35.1065 
-49.9815 
50.007 
50.082 
50.007 
35.035 
-49.791 
50.1085 
35.0785 
50.2095 
-49.983 
-49.784 
50.04 
50.232 
-49.806 
50.082 
50.2455 
-49.7365 
50.014 
-50.001 
50.0055 
-49.9655 
50.222 
-50.0075 
35.0 
50.0015 
50.153 
50.007 
49.9875 
-49.8875 
-49.948 
-49.8725 
50.0185 
50.098 
35.09 
49.984 
-49.7485 
50.1295 
-49.8855 
-49.769 
35.0005 
49.9795 
50.0365 
49.987 
50.0 
-49.8425 
-49.862 
-49.9005 
-49.9675 
50.193 
50.0935 
50.1235 
-49.845 
50.012 
-49.768 
50.243 
-49.535 
-49.913 
-49.9905 
49.983 
-49.8705 
50.113 
-49.786 
-49.972 
-49.9305 
-49.619 
35.0465 
50.0065 
49.995 
50.1765 
-49.959 
50.1235 
-49.8405 
-49.7455 
50.1145 
-49.7855 
35.1495 
-49.7315 
50.0275 
34.9945 
-49.8205 
-49.8295 
50.05 
-49.7615 
50.0615 
-49.898 
50.049 
50.0625 
50.026 
-49.8625 
-49.9215 
-49.7785 
-49.9965 
50.0435 
49.991 
50.2185 
-49.892 
50.0005 
49.997 
49.9865 
50.2135 
35.1835 
50.06 
49.9945 
50.011 
-49.778 
50.2325 
-49.7005 
-49.961 
50.0215 
50.087 
35.2485 
50.002 
-49.7955 
35.208 
-49.7405 
50.048 
50.2485 
50.082 
50.026 
50.011 
50.123 
-49.8055 
-49.7855 
-49.924 
50.2245 
50.022 
50.088 
50.1135 
35.0555 
-49.9685 
-49.821 
50.2005 
-49.897 
50.009 
50.0025 
-49.9865 
49.9895 
50.01 
49.991 
-49.972 
-49.8495 
50.0545 
-49.8805 
-49.8975 
50.188 
-49.892 
50.006 
-49.9545 
35.283 
-49.9945 
50.1185 
-49.8135 
-49.992 
49.9825 
-49.9945 
49.9775 
-50.007 
-49.8805 
-49.962 
50.0595 
-49.9025 
-49.8595 
-49.834 
-49.9185 
50.0135 
50.2095 
50.0 
-49.894 
50.094 
50.029 
50.0885 
-49.96 
50.2345 
35.1065 
-49.84 
-49.816 
50.074 
50.279 
-49.857 
49.9865 
-49.904 
50.236 
49.994 
50.265 
50.209 
50.014 
-49.951 
49.996 
-49.745 
-49.7235 
-49.7675 
49.9995 
-49.8405 
-49.8435 
50.212 
-49.7535 
-49.733 
-49.967 
50.002 
-49.7965 
50.1515 
35.0345 
-49.894 
50.011 
-49.857 
49.998 
49.977 
-49.913 
-49.782 
35.2095 
50.0025 
49.9685 
-49.8455 
-49.9705 
-49.961 
-49.7465 
-49.8945 
50.1025 
-49.9155 
-49.786 
-49.7645 
-49.968 
-49.9955 
-49.8135 
49.9925 
-49.893 
-49.799 
50.1105 
35.0165 
34.99 
-49.783 
-49.8475 
35.0635 
34.9855 
-49.848 
49.976 
49.9955 
50.034 
-49.879 
50.173 
34.9995 
50.02 
-49.7645 
50.0225 
-49.9835 
50.063 
-49.941 
-50.007 
-49.626 
35.098 
50.0305 
-49.794 
35.0375 
50.004 
-49.771 
-49.825 
50.018 
-49.7795 
35.1115 
-49.9135 
50.1065 
-49.984 
-49.7485 
50.183 
-49.886 
-49.842 
-49.942 
-49.9845 
50.0245 
50.008 
-49.8465 
50.0425 
-49.842 
50.024 
50.2005 
35.019 
35.13 
50.0795 
-49.916 
50.209 
-49.877 
50.0725 
50.0325 
50.158500000000004 
-49.86 
34.998 
50.0 
35.047 
50.09 
50.1265 
50.032 
-49.929 
-49.738 
49.994 
50.2695 
35.105 
50.199 
49.9965 
50.0905 
50.039 
-49.8225 
-49.8585 
-49.853 
50.2365 
34.994 
50.1765 
35.2075 
35.032 
50.2245 
35.0055 
35.249 
50.0295 
50.14 
-49.8275 
50.034 
35.0095 
49.992 
49.9875 
-49.7615 
-50.009 
50.0295 
-49.7995 
50.031 
50.121 
50.138 
49.99 
50.0845 
-49.6745 
50.1175 
-49.8325 
35.004 
50.0775 
49.9815 
35.0225 
50.075 
-49.9235 
50.002 
50.1945 
50.0115 
35.008 
50.1995 
50.034 
50.015 
49.987 
35.224 
35.144 
-49.9525 
-49.917 
50.0155 
50.2475 
49.9945 
50.088 
-49.92 
50.0 
-49.989 
-49.863 
49.9945 
50.058 
50.135 
35.267 
50.018 
35.196 
50.0635 
50.023 
50.0125 
-49.864 
50.02 
-50.004 
50.1855 
50.0175 
50.0125 
-49.6005 
50.0655 
50.2655 
50.004 
50.156 
50.031 
-49.8635 
-49.783 
34.977 
50.062 
34.9925 
-49.724 
-49.9785 
-49.9735 
35.0535 
50.0285 
50.176 
50.13 
-49.7995 
-49.807 
50.1565 
-49.548 
-49.9425 
-49.832 
-49.8115 
50.1905 
-49.9655 
34.995 
-49.9975 
50.001 
49.9975 
50.021 
34.989 
-49.7635 
49.9975 
49.9805 
-49.797 
-49.8025 
-49.739 
-49.684 
-49.801 
50.017 
35.1575 
49.9935 
-49.797 
35.0385 
-49.8535 
50.1095 
50.2135 
50.061 
50.011 
50.1845 
49.998 
49.985 
50.0075 
-49.9955 
50.012 
50.001 
50.0795 
50.0195 
-50.006 
-49.8155 
35.0165 
-49.798 
50.0235 
49.996 
-49.874 
-49.9185 
49.991 
49.9875 
-49.971 
35.097 
-49.8055 
35.1885 
50.0165 
50.2455 
49.986 
50.182 
50.0765 
50.0265 
50.025 
-49.9 
-49.891 
50.031 
-49.7105 
34.975 
35.0305 
-50.003 
50.184 
-49.9455 
-49.916 
50.0285 
50.06 
50.055 
50.16 
50.0165 
35.0685 
-49.785 
-49.9695 
-49.878 
-50.007 
50.1405 
-49.85 
-49.7825 
50.001 
-49.6505 
-49.9195 
50.0895 
49.982 
49.993 
49.9955 
-49.8205 
50.207 
50.003 
50.001 
50.003 
50.084 
50.0615 
50.0955 
50.1525 
49.9985 
-49.8375 
-49.918 
50.034 
-49.818 
50.039 
-49.84 
-49.9115 
35.139 
50.12 
50.063 
50.0235 
49.99 
-49.7845 
-50.009 
50.0965 
50.01 
50.009 
50.0525 
-49.77 
50.0095 
49.9885 
50.139 
49.993 
-49.9575 
35.1465 
50.093 
-49.7795 
49.988 
-49.8555 
-49.86 
35.016 
50.174 
50.174 
50.0215 
-49.7975 
-49.784 
-49.9015 
50.0665 
50.057 
-49.6895 
49.9945 
50.1975 
50.0915 
-49.832 
50.1535 
-49.9765 
-49.778999999999996 
50.0225 
50.0975 
35.2445 
-49.936 
35.0405 
50.012 
50.0765 
-49.8125 
50.101 
50.0645 
-49.991 
50.246 
35.023 
50.0675 
35.174 
-49.7035 
-49.7465 
50.027 
49.991 
35.0035 
50.137 
-49.9705 
50.018 
50.229 
50.2325 
50.0505 
-49.8305 
-49.98 
-49.989 
50.174 
50.149 
-49.748 
50.0 
50.104 
50.158500000000004 
-49.825 
-49.8315 
35.137 
50.2465 
50.2 
-49.9515 
-49.588499999999996 
50.019 
-49.724 
35.0475 
50.0705 
50.1475 
-49.9135 
-49.7705 
-49.866 
-49.821 
50.021 
-49.963 
-49.767 
50.06 
50.0415 
-49.7755 
-50.002 
35.03 
50.061 
50.004 
50.237 
-50.004 
-49.9955 
50.048 
50.2385 
50.2215 
50.055 
50.184 
35.0175 
-49.958 
-49.9295 
50.0765 
-49.8265 
50.0865 
35.1245 
-49.7335 
-49.814 
-49.921 
50.1105 
-49.7965 
50.0245 
50.0125 
-49.842 
34.9985 
-49.8285 
-50.0115 
50.234 
50.2275 
50.068 
50.0725 
-49.9855 
-49.796 
50.2755 
-49.9555 
35.0235 
49.9795 
34.987 
35.02 
50.267 
-49.823 
50.129 
50.083 
50.069 
50.0 
-49.773 
-49.4535 
-49.982 
35.0865 
50.2115 
50.2245 
50.217 
50.129 
-49.977 
-49.8605 
-49.835 
-49.7515 
-49.759 
50.042 
-49.8025 
-49.7125 
35.009 
50.1335 
50.107 
50.146 
50.052 
50.057 
49.9935 
50.1795 
-49.795 
49.997 
-49.868 
-49.8035 
34.9945 
34.996 
50.001 
50.0485 
50.0975 
50.215 
-49.964 
50.0835 
-49.6845 
50.023 
50.0815 
-49.945 
35.179 
35.202 
-49.9705 
50.0425 
35.061 
-49.671 
50.034 
-49.7315 
50.0595 
49.992 
-49.807 
50.064 
49.9975 
-49.866 
35.058 
-49.7395 
50.021 
50.0805 
-49.763 
-29.942 
50.0405 
-50.006 
49.989 
50.056 
50.2095 
50.114 
50.034 
-49.8965 
50.2365 
50.2525 
-49.7605 
-49.742 
50.082 
-49.8665 
-49.8075 
50.1015 
-49.9235 
50.122 
-49.9855 
50.206 
50.062 
50.0 
-49.8785 
-49.975 
-50.003 
50.0005 
49.9935 
35.0875 
50.0055 
50.032 
50.0725 
50.0275 
50.0 
-49.7815 
49.991 
-49.945 
49.9885 
50.009 
50.0895 
50.006 
50.038 
-49.9335 
-49.9945 
50.2425 
50.073 
50.0875 
50.0335 
50.095 
35.1475 
50.0065 
50.0955 
50.21 
50.007 
50.003 
50.041 
50.094500000000004 
50.0545 
35.0295 
-49.8445 
-49.9915 
50.1465 
-49.9175 
-49.7435 
50.1825 
35.004 
35.1045 
-49.9435 
35.2375 
50.0015 
49.988 
-49.738 
-49.9145 
50.0025 
49.9925 
50.1435 
-49.7515 
-49.893 
-49.83 
50.024 
-49.9515 
49.985 
35.045 
49.9795 
50.1355 
-49.791 
-49.771 
50.012 
50.003 
50.1325 
-49.981 
-49.888 
-49.8115 
50.0455 
50.2305 
-49.434 
50.0 
-49.525 
-49.763 
-49.874 
35.1535 
50.067 
-49.937 
50.001 
50.1 
50.0055 
50.0055 
-49.8175 
35.038 
50.168 
50.008 
50.1055 
49.994 
49.9985 
50.022 
50.0795 
-49.8655 
-49.984 
35.0015 
50.211 
35.0005 
49.999 
-49.903 
50.0435 
50.023 
50.12 
-50.0525 
-49.7435 
50.2425 
50.017 
-49.742 
50.1985 
-49.917 
-49.7395 
-49.9265 
-49.8215 
50.045 
49.9995 
50.0925 
-49.781 
50.188 
-49.9785 
50.018 
-49.8255 
50.143 
-49.9315 
50.2155 
50.0935 
50.04 
49.988 
50.2155 
50.112 
50.187 
50.0165 
49.9895 
50.1735 
50.2095 
50.0685 
-49.5065 
50.1365 
50.018 
50.0545 
50.0065 
-49.9575 
49.996 
49.998 
50.022 
50.231 
50.0985 
50.0235 
35.202 
50.0395 
49.996 
50.147 
50.0135 
50.013 
-49.777 
50.0635 
49.9855 
-49.7025 
50.285000000000004 
-49.8715 
-49.8295 
50.0915 
-49.7435 
50.045 
50.136 
35.1275 
50.041 
50.048 
50.0415 
-49.9975 
50.047 
50.0575 
-49.993 
50.006 
-49.784 
50.009 
50.038 
35.1235 
50.1405 
49.9905 
35.038 
50.145 
50.126 
50.2355 
50.2485 
50.1935 
50.0895 
50.0025 
35.2015 
-49.962 
-49.8345 
-49.721 
-49.92 
50.008 
50.0235 
50.21 
35.034 
50.2045 
-49.784 
50.004 
-49.8735 
50.2515 
50.233 
50.0175 
50.004 
35.134 
50.0045 
50.0295 
49.992 
50.238 
50.007 
50.0475 
49.994 
50.1485 
50.0375 
49.9895 
35.1825 
-49.872 
50.2155 
50.207 
35.0115 
50.097 
-49.468 
50.074 
49.995 
50.1525 
49.9965 
50.0555 
49.994 
50.2205 
50.0025 
50.2495 
49.9895 
-49.647 
-49.961 
-49.8375 
35.159 
-49.925 
50.0 
50.1815 
50.002 
50.022 
34.986 
-49.969 
50.19 
50.139 
-49.73 
-49.8 
-49.8605 
50.1405 
49.9875 
-49.7605 
34.9985 
50.0575 
35.2055 
50.0195 
50.0075 
-49.985 
-50.004 
35.1875 
-49.726 
-49.884 
-49.6315 
49.995 
35.0295 
50.044 
50.066 
-49.9995 
-49.8055 
-49.965 
50.007 
-49.7585 
50.0295 
50.004 
35.122 
-49.9845 
50.0065 
50.0455 
50.0175 
50.068 
35.1815 
50.122 
50.114 
50.186 
50.072 
50.1605 
50.069 
50.238 
35.1815 
-49.782 
50.233 
-49.7685 
50.0175 
35.001 
49.9855 
50.063 
50.2035 
-49.996 
-49.994 
50.015 
-49.8745 
-49.9775 
-49.9895 
-49.915 
50.0095 
50.0755 
50.008 
50.096 
-49.8835 
50.0 
-49.780499999999996 
50.119 
-49.909 
50.192 
49.9945 
49.9965 
-49.978 
49.983 
49.9975 
50.124 
50.019 
50.0445 
50.0085 
50.1805 
50.121 
-49.845 
50.0495 
50.0455 
-49.8025 
-49.7045 
35.2645 
50.0715 
50.0055 
50.0165 
50.015 
50.1355 
-49.8255 
49.9975 
50.002 
-49.88 
50.066 
50.022 
-49.968 
35.159 
35.0155 
50.131 
50.121 
50.269 
-49.862 
-49.7615 
-49.81 
35.2425 
-49.9725 
-49.9985 
-49.8445 
-49.7485 
50.139 
-49.804 
35.0745 
50.1015 
50.0405 
-49.9335 
-49.963 
-49.894 
50.0305 
50.179 
49.9945 
50.05 
-49.99 
50.252 
35.0845 
50.004 
50.0255 
-49.985 
-49.7505 
-49.787 
50.042 
-50.009 
50.0035 
35.1875 
35.2255 
35.3055 
50.018 
50.0175 
50.0905 
-49.658 
50.0125 
-49.8105 
50.145 
-49.776 
50.075 
-49.7335 
50.094500000000004 
-49.9865 
50.029 
-49.8545 
-49.871 
-49.832 
50.0495 
-49.8 
50.026 
50.1125 
50.125 
50.0805 
50.0415 
35.117 
-49.8595 
50.1705 
-50.0005 
49.9945 
-49.986 
50.025 
50.0305 
35.0215 
-49.646 
35.0985 
-49.9555 
50.143 
50.1105 
50.166 
35.0255 
49.994 
50.0045 
-49.466 
50.009 
50.1105 
-49.807 
50.007 
-49.973 
49.9985 
-49.968 
50.01 
50.1265 
-49.9585 
50.065 
50.044 
50.036 
50.022 
-50.003 
35.008 
-49.747 
50.0045 
50.1515 
50.118 
50.0335 
35.1395 
50.0045 
-49.808 
50.1115 
-49.8775 
35.123 
-49.91 
50.2465 
-49.9325 
50.003 
-49.932 
50.2025 
-49.9885 
35.282000000000004 
-49.791 
-49.9765 
-49.953 
-49.9695 
50.212 
50.2035 
-49.7185 
-29.989 
50.1415 
50.124 
-49.599 
35.2125 
50.2025 
-49.944 
50.002 
-49.7985 
-49.792 
35.0455 
50.0375 
50.016 
-49.8225 
34.997 
-49.9905 
50.0525 
-49.8575 
35.2455 
50.0155 
-49.953 
35.139 
50.0485 
50.0335 
50.278 
50.078 
-49.8335 
50.0105 
-49.708 
50.215 
50.011 
50.0085 
-49.7835 
50.0015 
50.0965 
-49.497 
50.092 
-49.931 
49.9975 
50.145 
50.1385 
50.0475 
49.991 
50.175 
50.0015 
50.0095 
50.027 
50.0855 
-49.7635 
-50.011 
35.0165 
-29.7255 
35.0125 
50.0 
50.0575 
35.002 
-50.0025 
35.12 
50.1035 
-49.9845 
-49.8155 
-49.9065 
-49.9785 
-49.7225 
-49.8795 
-49.9455 
35.21 
50.076 
50.048 
50.0915 
49.9945 
-49.7695 
-49.774 
-49.851 
-49.8735 
-49.9165 
50.015 
50.0225 
50.0255 
35.1445 
50.024 
35.125 
34.999 
-49.7635 
50.01 
50.139 
50.04 
50.0695 
35.1865 
-49.878 
50.0835 
35.0415 
50.2075 
35.107 
50.0195 
49.9965 
50.0395 
50.084 
50.1525 
50.0225 
50.0675 
-49.773 
49.9945 
50.2605 
50.127 
35.1805 
49.9945 
-49.874 
50.049 
50.1675 
-49.886 
-49.87 
-49.798 
35.006 
50.1605 
-49.737 
35.0275 
50.2565 
35.0035 
50.2395 
50.02 
-49.851 
35.1515 
50.0465 
49.995 
50.0075 
50.0215 
-49.7545 
50.011 
50.0375 
50.116 
35.039 
35.172 
50.1045 
49.993 
50.0995 
50.233 
-49.67 
35.154 
-49.9445 
50.08 
49.9915 
50.0415 
50.102 
50.01 
50.001 
-49.6885 
50.0105 
50.0235 
50.246 
50.05 
50.001 
49.9935 
50.3185 
50.1615 
50.097 
50.0485 
50.023 
35.289 
49.9985 
-49.852 
-49.8735 
34.9925 
50.073 
-49.868 
50.026 
50.0375 
35.1575 
50.277 
-49.9585 
50.1945 
-49.8965 
50.033 
50.005 
50.149 
49.99 
50.031 
50.193 
50.058 
50.04 
50.146 
-49.9365 
50.275 
-49.9755 
-49.815 
50.019 
50.1095 
-49.5655 
49.9955 
-49.99 
50.0035 
-49.6805 
49.998 
50.007 
50.046 
50.0015 
-49.7755 
50.1395 
50.2325 
50.1685 
50.1485 
-49.379000000000005 
35.056 
50.2015 
50.202 
50.186 
49.9805 
50.019 
49.982 
-49.9885 
50.0045 
50.026 
49.9935 
50.257 
-49.9955 
49.9925 
50.1845 
50.206 
50.082 
35.2285 
50.2215 
-49.992 
-49.861 
49.992 
50.163 
50.044 
50.1155 
-49.937 
-49.539 
50.056 
50.015 
50.19 
50.004 
50.005 
50.021 
50.0205 
50.0255 
49.984 
50.0775 
50.036 
50.005 
50.1865 
50.013 
50.1535 
50.0255 
50.0 
50.076 
-49.912 
50.0165 
34.9895 
35.0015 
50.101 
50.2075 
-49.576 
50.02 
-49.791 
50.003 
-49.8395 
-49.8425 
50.0555 
-49.9425 
35.0485 
50.1475 
50.012 
50.283500000000004 
49.9995 
50.0415 
50.001 
50.171 
35.06 
-49.931 
50.0495 
50.0295 
-49.9185 
50.136 
-49.945 
50.0625 
-49.5045 
34.9995 
-49.9895 
-49.964 
50.12 
50.074 
50.202 
49.997 
-49.643 
35.012 
50.094500000000004 
49.9965 
35.0005 
50.0 
50.208 
50.2005 
50.0055 
50.0035 
-49.9925 
50.103 
50.035 
50.0815 
-49.5615 
50.0035 
50.1395 
49.9905 
-49.9635 
-49.696 
50.019 
50.1285 
50.053 
50.144 
50.152 
50.0355 
50.017 
-49.989 
35.1725 
49.9885 
-49.929 
-50.0085 
50.024 
50.0675 
-49.645 
49.997 
-50.0035 
-49.855 
49.9975 
50.0365 
-49.8245 
50.0985 
35.2015 
-49.991 
50.192 
50.104 
-49.9885 
50.1515 
-49.839 
-49.9665 
-49.806 
35.1775 
50.0445 
35.066 
35.055 
35.125 
50.0205 
35.1915 
-49.5795 
50.14 
50.1575 
50.0015 
-49.766 
49.9975 
35.091 
35.2215 
35.066 
50.064 
50.0295 
50.096 
50.2215 
35.1145 
50.057 
50.005 
50.219500000000004 
-49.9495 
-49.873 
50.2045 
35.223 
35.196 
50.0155 
49.9975 
49.997 
50.164 
50.0265 
35.0015 
50.2455 
-49.8035 
-49.9575 
50.136 
49.998 
49.999 
35.144 
-49.8695 
-49.842 
50.004 
50.111 
35.298 
-49.871 
50.1435 
50.1395 
-49.72 
-49.7955 
34.996 
-29.7495 
49.994 
-49.6065 
50.0065 
50.088 
50.151 
35.0355 
-49.791 
-49.882 
-49.836 
-49.9685 
-49.9435 
50.2145 
35.052 
50.0355 
50.2565 
-49.993 
50.021 
50.0705 
50.001 
50.233 
49.9955 
49.996 
50.056 
35.279 
-49.7355 
50.06 
-49.747 
50.0195 
35.019 
35.003 
-49.894 
50.1945 
50.105 
50.129 
-49.5115 
-49.7505 
50.0105 
50.1175 
35.167 
35.03 
50.013 
50.1565 
-49.9815 
50.1515 
50.0075 
50.2745 
50.2085 
-49.6625 
50.0475 
50.005 
50.21 
-49.5875 
-50.0065 
50.0385 
49.9965 
34.991 
50.033 
50.3015 
50.1805 
35.1405 
50.0965 
35.0865 
34.988 
35.2555 
-49.76 
49.997 
50.0985 
50.2145 
50.219500000000004 
35.22 
-49.8715 
50.045 
50.124 
-49.842 
50.217 
50.159 
50.0555 
50.178 
-49.8125 
49.9905 
50.141 
50.107 
-49.8 
50.0575 
-49.955 
49.9965 
50.1745 
-49.8055 
50.0025 
-49.579 
-49.7925 
50.014 
50.0055 
-49.967 
50.061 
50.099 
-49.796 
50.048 
50.091 
50.232 
50.038 
-49.848 
50.058 
35.231 
50.1705 
49.9935 
-49.896 
50.085 
35.0635 
50.0215 
-49.6755 
50.0495 
35.0165 
35.256 
50.0725 
49.985 
-49.824 
-49.9285 
35.28 
50.0285 
50.1035 
50.2265 
-49.8745 
50.059 
49.997 
49.9925 
50.0605 
-49.772 
50.061 
-49.997 
50.0695 
50.188 
50.2465 
50.236 
-49.6305 
50.0925 
50.121 
50.1335 
50.0745 
-49.968 
50.145 
50.047 
50.188 
50.076 
-49.9745 
50.1235 
35.0295 
50.0065 
-49.9765 
50.003 
-49.922 
50.0295 
-49.9125 
50.0645 
-49.9225 
50.018 
-49.7715 
-49.975 
49.996 
-49.963 
49.9985 
35.088 
50.032 
50.0455 
50.0915 
50.0295 
50.2325 
50.087 
50.104 
50.0495 
50.092 
-49.8355 
-49.9785 
-49.935 
50.177 
49.985 
-49.938 
50.0385 
50.093 
-49.951 
50.0265 
-49.488 
50.014 
50.152 
50.035 
50.261 
50.198 
50.0075 
-49.9305 
50.075 
-49.444 
50.004 
49.995 
-49.133 
50.0655 
49.991 
-49.9485 
50.1445 
-49.8245 
50.0575 
-49.867 
35.026 
50.0395 
49.994 
35.048 
50.0 
50.0985 
50.168 
-49.706 
50.0215 
50.0005 
50.11 
49.996 
-49.9175 
50.093 
50.0165 
50.259 
35.243 
-50.0 
50.272 
-49.746 
50.076 
50.215 
50.031 
35.0595 
-49.981 
50.129 
49.9995 
50.0035 
35.192 
50.06 
50.193 
49.997 
50.0775 
49.999 
49.9955 
50.0225 
-49.899 
50.138 
-49.9775 
50.005 
50.289 
49.988 
49.9945 
50.076 
-49.9795 
50.001 
50.1155 
50.038 
-49.7095 
50.256 
50.016 
50.0605 
-49.728 
50.0715 
35.174 
50.0165 
50.1455 
50.038 
49.999 
50.124 
-49.78 
-49.845 
-49.964 
49.988 
50.16 
50.126 
-49.929 
50.2615 
50.073 
-49.9575 
50.0015 
50.198 
50.1415 
-49.685 
-49.933 
49.9855 
50.1665 
50.2525 
50.0805 
50.2095 
50.122 
50.011 
-49.9275 
49.999 
35.0395 
-49.971 
-49.9875 
50.007 
-49.435 
50.1195 
35.0235 
50.1775 
-49.89 
49.999 
50.1365 
50.005 
50.059 
50.2 
50.056 
50.009 
50.2565 
-49.6775 
50.113 
35.1325 
50.0775 
50.1805 
-49.8865 
50.137 
50.125 
35.0345 
50.0365 
50.054 
49.997 
50.0085 
50.073 
35.0075 
35.0235 
50.198 
50.0165 
50.052 
50.095 
-49.841 
49.9925 
50.0355 
-49.9 
-49.8315 
50.236 
50.224 
50.254 
50.0615 
34.9985 
-49.841499999999996 
50.025 
50.072 
-49.335 
50.044 
50.0045 
50.081 
-49.7955 
50.0415 
50.187 
-49.746 
49.9815 
50.075 
35.2245 
50.166 
50.0155 
49.988 
-49.89 
50.001 
50.0425 
35.0155 
50.2345 
49.9855 
50.0425 
50.005 
50.1715 
50.0385 
49.9965 
35.2115 
-49.834 
-49.778999999999996 
50.1735 
49.987 
50.0785 
50.2145 
50.079 
50.0005 
50.1805 
-49.9755 
-49.934 
50.0225 
50.267 
-49.9635 
35.2715 
49.999 
50.164 
50.0235 
50.171 
-49.839 
-49.778 
50.019 
35.2025 
50.0035 
-49.931 
-49.9845 
50.011 
-49.811 
50.1515 
50.225 
50.1835 
50.083 
50.124 
49.9975 
50.034 
49.996 
50.007 
-49.74 
50.0055 
50.0 
50.061 
50.0025 
-49.822 
50.218 
50.0925 
50.1615 
-49.974 
50.0265 
50.041 
50.0695 
50.001 
50.147 
49.9995 
50.0535 
-49.7915 
50.0455 
50.013 
35.1135 
49.9935 
50.0235 
50.0745 
49.9905 
50.08 
-49.5795 
50.124 
50.0995 
-49.833 
35.013 
50.14 
50.047 
50.2785 
50.196 
50.087 
50.2365 
50.263 
50.028 
49.999 
49.995 
50.0465 
50.2185 
50.001 
49.9955 
35.023 
50.171 
50.027 
49.9975 
-49.8955 
50.0395 
35.095 
50.0215 
50.107 
50.1235 
49.9885 
35.2335 
35.1065 
35.056 
35.216 
34.989 
49.9915 
50.013 
49.979 
49.988 
50.126 
-49.945 
35.0185 
50.0255 
35.236 
50.1145 
50.1595 
50.047 
-49.975 
-49.7425 
-49.693 
50.3145 
35.073 
49.9935 
50.001 
35.0335 
35.1285 
50.182 
50.0055 
34.9915 
-49.7185 
50.07 
35.002 
35.0305 
50.1655 
50.002 
50.1565 
50.094500000000004 
50.2695 
50.1 
-49.7545 
50.13 
50.21 
34.989 
49.9915 
50.0935 
50.1865 
50.0875 
50.2025 
50.1005 
50.09 
50.0645 
50.059 
50.026 
-49.9125 
50.035 
50.1965 
-49.9935 
50.059 
49.992 
-49.8175 
50.1125 
50.002 
-49.9675 
49.9945 
50.234 
-49.4705 
50.0575 
49.9765 
49.996 
50.1905 
-49.751 
50.344500000000004 
-49.985 
34.9985 
50.066 
-49.814 
-50.0105 
50.1945 
50.169 
-49.746 
50.0635 
50.345 
50.1255 
50.027 
50.0455 
35.154 
35.1325 
50.1605 
50.0495 
50.1695 
50.026 
50.101 
50.1175 
35.0565 
-49.8805 
50.114 
35.1615 
50.118 
49.9965 
49.997 
49.993 
50.022 
50.0035 
49.99 
50.028 
50.0725 
50.0405 
50.1245 
50.093 
-49.8295 
50.035 
-49.9095 
34.989 
50.331 
50.003 
-29.862 
50.1445 
-49.972 
-49.99 
50.01 
49.9875 
50.006 
50.1085 
50.0315 
50.0605 
50.0775 
35.019 
50.011 
-49.9795 
-49.9785 
50.2235 
-49.975 
-49.7675 
-49.903 
50.033 
50.104 
-49.9865 
50.2505 
50.104 
50.145 
-49.8215 
-49.9145 
50.232 
-49.741 
49.9865 
-49.9035 
-49.723 
-49.9865 
50.2665 
50.199 
50.0045 
50.013 
50.018 
-49.7055 
50.199 
35.2075 
50.0005 
35.1175 
50.1155 
50.215 
-49.3115 
-49.599 
50.009 
-49.9725 
50.2345 
50.1515 
50.034 
50.039 
50.032 
50.1655 
50.0025 
49.9855 
50.1055 
-49.646 
50.219500000000004 
50.013 
34.9905 
50.109 
50.037 
35.046 
-49.7195 
50.0905 
-49.414 
50.021 
50.166 
35.1785 
50.009 
35.0475 
50.1475 
50.004 
35.0755 
50.1735 
50.0505 
34.9985 
50.003 
-49.8345 
50.105 
50.063 
49.9995 
50.1315 
49.9965 
49.9945 
50.0295 
50.106 
-49.691 
49.995 
50.0265 
-49.6565 
-49.944 
49.987 
50.0565 
50.017 
49.9855 
50.129 
50.13 
50.01 
35.166 
-49.953 
50.0 
-49.3585 
35.09 
50.023 
35.185 
50.066 
50.0415 
50.094500000000004 
-49.992 
-49.652 
50.182 
50.125 
50.156 
50.066 
50.0145 
50.0185 
-49.971 
-49.55 
35.045 
50.1045 
35.011 
-49.7855 
-49.965 
50.1235 
50.058 
50.0595 
50.195 
50.11 
50.0685 
50.0385 
50.195 
50.1205 
-49.978 
35.0055 
50.0455 
50.1025 
50.1195 
-49.98 
50.068 
-49.717 
-49.9905 
-49.5365 
50.0925 
50.1915 
49.997 
50.083 
50.023 
50.1215 
50.1065 
50.11 
50.2425 
50.0195 
50.199 
-49.7405 
35.0605 
50.23 
50.0075 
-49.316 
50.0305 
50.149 
50.133 
-49.9575 
34.995 
49.995 
-49.9625 
50.2185 
-49.969 
50.054 
-49.403 
-49.9825 
50.1515 
50.0885 
50.005 
-49.937 
-49.741 
35.1085 
50.1685 
50.012 
50.062 
49.9935 
50.0415 
50.1155 
50.0105 
34.9885 
50.2355 
49.9965 
49.9905 
50.201 
50.0325 
49.998 
-49.9435 
-49.652499999999996 
35.1655 
50.0645 
50.045 
-49.984 
-49.764 
-49.99 
-49.8935 
50.077 
35.006 
-49.9445 
50.11 
35.008 
-49.969 
50.16 
-49.706 
50.01 
-49.4745 
35.068 
50.0255 
-29.983 
50.1095 
50.016 
50.0085 
-49.7385 
50.015 
50.004 
50.158 
50.0295 
-49.7175 
50.0095 
50.2075 
50.029 
50.107 
50.151 
50.0005 
50.0145 
49.9895 
-49.7325 
-49.997 
50.042 
50.061 
50.022 
35.181 
50.136 
-49.539 
50.132 
-49.777499999999996 
-49.7355 
50.0725 
50.1925 
50.149 
-49.737 
50.001 
-49.945 
49.998 
50.006 
49.9955 
50.0395 
50.009 
-49.742 
50.0325 
49.992 
50.18 
50.212 
-49.7255 
-49.5375 
-49.522999999999996 
50.003 
50.114 
49.998 
50.1405 
50.05 
-49.857 
50.0705 
-49.3885 
50.046 
-49.812 
50.1675 
50.0525 
50.0025 
50.054 
-49.9445 
50.025 
49.999 
50.0605 
50.0455 
49.9955 
50.1755 
50.0245 
50.114 
50.0285 
50.0055 
50.057 
50.073 
50.019 
50.015 
50.008 
50.092 
-49.4925 
-49.4975 
50.0335 
-49.771 
49.9875 
-49.798 
50.121 
50.043 
50.034 
50.0385 
50.162 
50.0065 
-49.7105 
50.0105 
50.062 
50.0195 
50.1545 
35.0535 
50.0635 
35.0335 
50.0635 
35.0275 
50.1825 
50.038 
50.076 
-49.7415 
50.015 
49.998 
50.011 
50.144 
50.0735 
50.2005 
50.0255 
50.237 
50.004 
50.0915 
-49.991 
50.006 
50.0285 
35.205 
35.219 
-49.97 
-49.992 
50.012 
-49.8965 
50.0415 
50.08 
50.124 
50.012 
50.1315 
50.0175 
50.024 
-49.777499999999996 
50.045 
-49.8525 
50.0635 
50.135 
50.1285 
35.057 
50.05 
49.9925 
-29.505 
34.9915 
50.0845 
50.0185 
50.002 
50.0635 
-49.23500000000001 
50.0065 
34.996 
-49.862 
49.999 
50.0465 
35.1315 
-49.336000000000006 
50.2205 
35.0395 
50.165 
35.092 
49.997 
-49.8435 
-49.407999999999994 
50.0205 
50.2605 
50.228 
-49.936 
35.085 
-49.9255 
50.117 
49.986 
35.205 
-49.841 
-49.524499999999996 
-49.6515 
34.9975 
-49.825 
50.0215 
-49.687 
-49.3995 
50.058 
50.0975 
50.0525 
-49.8595 
50.262 
50.1035 
50.042 
-49.997 
-49.074500000000015 
50.0365 
50.079 
50.177 
-49.5675 
-49.4365 
50.035 
49.9905 
-49.7955 
50.136 
50.036 
50.0425 
50.2275 
50.25 
35.077 
50.104 
50.012 
49.9915 
35.11 
-49.831 
-49.8135 
50.006 
35.0895 
-49.4125 
50.159 
35.1495 
-49.427 
-49.132000000000005 
50.137 
50.0115 
50.17 
50.0095 
50.267 
50.0185 
35.079 
50.1385 
50.0625 
-49.2805 
-49.776 
50.157000000000004 
50.0255 
50.017 
-49.4215 
50.05 
50.053 
35.208 
34.9965 
50.022 
50.0605 
50.03 
-49.370999999999995 
50.0145 
50.002 
50.0495 
50.297 
35.198 
-49.9135 
50.246 
50.0055 
50.022 
-49.991 
35.081 
-49.796 
50.1005 
-49.8325 
-49.694 
50.2095 
-49.9975 
-49.8285 
35.1695 
50.0005 
35.016 
50.168 
50.0115 
-49.25600000000001 
50.0135 
50.249 
-49.728 
35.078 
50.056 
35.012 
35.2015 
-49.275000000000006 
50.007 
50.029 
50.007 
50.0065 
35.0625 
-49.6845 
-49.295500000000004 
-49.4955 
50.1055 
-49.8675 
50.0025 
50.224 
-49.79 
-49.968 
50.116 
-49.389500000000005 
-49.752 
-49.7525 
50.1245 
50.0455 
50.147 
50.158500000000004 
50.2265 
50.128 
50.0585 
50.131 
50.2045 
50.004 
50.137 
50.0965 
-49.236000000000004 
35.0515 
-49.896 
50.0165 
50.123 
-49.646 
50.011 
35.098 
50.1695 
50.0085 
-50.0195 
35.0085 
-49.935 
50.086 
35.1685 
50.045 
35.0825 
-49.26050000000001 
50.026 
50.0985 
-49.907 
-49.2685 
50.1955 
50.025 
50.0515 
50.0755 
50.0705 
50.031 
50.2755 
50.0485 
-50.004 
-49.6515 
35.0595 
49.995 
-49.780499999999996 
50.0205 
50.2685 
-49.984 
50.0795 
50.2475 
50.0955 
50.0305 
-50.0125 
-49.97 
50.0845 
-49.7445 
50.099 
50.024 
50.067 
35.186 
-49.6325 
35.1855 
-48.99350000000001 
50.067 
-49.5945 
-49.797 
50.0445 
-49.912 
50.1135 
50.034 
50.2005 
50.073 
-49.988 
-49.8255 
50.0475 
35.014 
50.0075 
49.9985 
-49.882 
50.0125 
50.013 
50.1115 
50.0445 
50.014 
50.1765 
50.001 
50.0125 
49.999 
34.982 
50.087 
35.0275 
50.005 
-49.892 
50.036 
-49.098000000000006 
50.105 
50.0765 
50.05 
50.0745 
35.1705 
50.0005 
50.071 
-49.757 
49.9895 
-49.995 
35.0435 
50.1005 
50.074 
50.0155 
-49.5055 
50.003 
50.1255 
50.0385 
50.282000000000004 
50.184 
50.034 
50.0435 
-49.9295 
-49.530499999999996 
50.028 
50.001 
50.2245 
50.035 
50.0045 
50.0025 
-49.61 
35.1815 
50.041 
50.087 
35.02 
50.051 
49.997 
50.034 
49.9965 
50.089 
50.151 
35.215 
-49.97 
49.999 
35.11 
50.005 
-49.899 
-49.869 
50.013 
-49.6665 
50.2445 
50.0015 
-49.6875 
-49.7445 
-49.8595 
50.167 
50.03 
50.029 
49.995 
-49.8645 
49.997 
-49.9665 
-49.586999999999996 
50.0445 
50.182 
50.0155 
-49.857 
50.001 
-49.551 
35.0225 
50.06 
-49.8685 
50.0095 
35.0025 
-49.31100000000001 
50.001 
50.0085 
50.0715 
50.0735 
50.027 
50.0985 
49.9915 
50.181 
50.241 
50.033 
-49.949 
50.188 
50.0905 
50.2 
35.02 
-49.8455 
50.064 
35.0055 
50.0825 
50.179 
50.1625 
49.999 
50.022 
50.1465 
-49.8345 
50.0615 
-49.7295 
50.065 
50.035 
49.9975 
50.195 
50.1035 
-49.8115 
-49.9765 
50.0005 
50.1685 
50.247 
50.083 
50.177 
50.142 
50.0355 
50.0365 
49.9965 
35.0275 
50.0215 
49.9995 
49.9995 
50.1765 
-49.8855 
-49.726 
50.189 
50.056 
49.9935 
50.121 
50.0075 
50.026 
-49.182500000000005 
50.0685 
50.039 
-49.74 
-29.177500000000002 
-49.606 
50.13 
-49.8715 
-49.8535 
50.0405 
-49.825 
50.1 
50.045 
50.0295 
50.0445 
49.9925 
50.0145 
-49.9205 
50.0085 
50.028 
-49.6655 
50.0075 
50.027 
50.1225 
-49.862 
49.9935 
50.019 
-49.846 
-49.8625 
35.2755 
-48.7585 
50.1905 
35.03 
50.013 
-49.791 
50.0565 
50.065 
35.2685 
50.0265 
34.9835 
50.0335 
50.199 
50.029 
50.174 
35.181 
-50.025 
50.0655 
-49.427 
-49.5475 
50.0245 
49.9995 
50.0885 
50.0055 
35.052 
50.0055 
-49.7085 
49.9945 
50.0575 
50.0055 
-49.759 
35.038 
49.9975 
50.1595 
-49.805 
-49.753 
50.1715 
49.998 
50.1075 
-49.386 
-49.9165 
50.006 
-49.7575 
50.0035 
50.049 
-49.963 
35.1995 
50.004 
35.242 
49.994 
35.1605 
50.0275 
50.128 
-49.82 
-49.3545 
50.0165 
35.1745 
50.005 
35.02 
35.0115 
50.008 
35.177 
50.142 
50.2245 
35.202 
50.067 
-49.826 
49.996 
50.0415 
-50.0025 
50.0385 
50.1915 
49.9885 
-49.9585 
50.0315 
50.02 
-49.833 
50.228 
-49.9515 
50.1205 
-50.005 
50.0325 
50.055 
50.0775 
49.979 
50.1295 
50.0065 
50.0525 
50.17 
-49.9805 
-49.975 
50.1445 
49.9945 
50.027 
50.0805 
34.9975 
50.082 
50.1825 
-49.126 
50.0895 
-49.771 
49.9895 
50.1495 
50.0435 
50.253 
50.1525 
50.093 
50.1945 
50.2105 
50.0015 
50.003 
49.995 
50.0765 
50.2415 
49.9975 
34.994 
-49.9555 
-49.7655 
50.0295 
-49.9915 
50.051 
50.038 
35.0775 
50.026 
-49.8085 
50.1125 
-49.9775 
-49.7115 
50.1075 
50.064 
-49.78 
49.9945 
49.9935 
-49.9225 
50.0035 
49.9955 
35.143 
49.998 
50.043 
50.03 
35.1805 
50.0875 
-49.5255 
50.0785 
50.025 
50.183 
-49.059000000000005 
50.275 
50.0565 
50.0 
49.989 
35.038 
50.122 
-49.6725 
-49.9885 
50.0085 
35.122 
50.0625 
-49.9205 
50.018 
-49.4435 
49.995 
50.129 
-49.9295 
50.228 
-49.887 
35.2115 
50.1395 
35.283500000000004 
-50.007 
49.9915 
50.101 
50.116 
50.0725 
50.2095 
50.071 
35.07 
50.0375 
50.045 
50.019 
-49.4875 
35.0415 
-49.426 
49.9875 
50.061 
-49.996 
-49.658 
50.105 
-49.959 
50.023 
50.0125 
50.1895 
-49.5435 
50.057 
50.0235 
50.003 
-49.438500000000005 
-49.2935 
50.2555 
50.02 
50.0325 
-49.8615 
50.311 
50.0005 
-49.846 
50.158 
50.216 
50.076 
50.258 
50.1175 
50.029 
50.0365 
50.129 
-49.8085 
50.1685 
50.04 
50.194 
50.0295 
50.108 
35.105 
50.078 
50.058 
35.118 
50.163 
35.1275 
50.0195 
50.0155 
-50.0005 
50.0215 
50.0155 
50.0105 
-49.9375 
50.0715 
50.0505 
50.118 
50.0855 
50.1395 
50.0315 
50.0325 
49.9855 
50.283 
34.998 
50.136 
50.082 
49.996 
49.9985 
-49.9965 
49.9965 
-49.9965 
35.1065 
-49.9555 
50.056 
50.056 
50.029 
49.996 
50.0325 
-49.938 
50.2495 
-49.9435 
-49.821 
50.099 
-49.949 
50.086 
35.0025 
50.271 
-49.866 
50.144 
50.121 
50.0725 
-49.7035 
50.095 
50.003 
50.0835 
-49.230000000000004 
-49.998 
50.2365 
-49.8535 
50.015 
-49.961 
49.992 
50.2325 
50.2215 
-49.6955 
-49.9765 
50.123 
-49.895 
-49.543 
35.196 
-49.7215 
34.994 
50.005 
-49.729 
50.1455 
50.049 
50.0535 
50.02 
35.1505 
-49.969 
35.002 
50.0805 
50.14 
50.23 
-49.9735 
49.997 
35.1205 
50.059 
-49.9415 
-49.7615 
-49.902 
50.0835 
-49.9705 
50.194 
-49.8035 
50.013 
50.0035 
50.157000000000004 
-49.983 
50.075 
50.153 
50.081 
50.01 
-49.987 
-49.814 
50.136 
50.055 
49.9865 
50.1235 
49.993 
50.011 
35.0155 
50.084 
50.193 
49.995 
50.0325 
50.3625 
50.0255 
50.0015 
35.076 
50.012 
50.015 
50.118 
35.102 
-49.7695 
-49.711 
50.068 
50.0205 
50.248 
50.088 
-49.952 
-49.766 
50.08 
50.0295 
50.0955 
50.005 
-49.6665 
50.1785 
50.14 
-49.863 
50.0745 
-49.9935 
-49.9585 
50.016 
50.131 
50.062 
50.1065 
-49.97 
35.1695 
50.0365 
50.136 
50.053 
50.045 
50.207 
35.0905 
50.0775 
-49.966 
-49.347500000000004 
50.122 
50.0285 
50.0005 
50.0475 
50.0715 
50.1275 
50.0485 
50.082 
50.237 
35.0 
-49.2385 
50.1015 
50.167 
50.0005 
-49.868 
-49.9285 
50.1425 
50.1065 
50.13 
-49.8605 
50.0075 
50.231 
-49.6025 
50.0565 
-49.7005 
-49.965 
-49.58 
50.04 
50.1105 
50.172 
50.0355 
49.993 
50.025 
50.0085 
50.286500000000004 
-49.9945 
50.0685 
50.1095 
50.0585 
-49.6115 
50.093 
50.0045 
50.058 
50.2615 
50.097 
50.147 
-49.9815 
50.0885 
49.9975 
50.0695 
50.1195 
35.0085 
50.001 
-49.764 
34.99 
50.017 
50.2105 
50.0525 
-49.9455 
49.9865 
50.3015 
-49.5035 
50.101 
50.05 
-49.9845 
-49.6905 
35.004 
50.125 
-49.966 
-49.964 
50.0315 
-49.589 
50.0195 
50.043 
50.1535 
-49.375 
50.0155 
-49.742 
50.0625 
-49.94 
50.005 
50.152 
50.01 
50.0225 
35.2315 
50.04 
50.02 
50.1255 
50.0685 
50.269 
49.994 
-49.436 
50.0405 
-49.8405 
-49.769 
-49.9725 
50.049 
50.0155 
-49.5155 
50.0075 
-49.9285 
50.072 
50.011 
-49.314 
50.158 
-49.575 
35.1435 
50.139 
-49.542 
50.0905 
50.185 
50.179 
50.159 
50.0055 
49.997 
49.992 
50.018 
50.0075 
50.0385 
50.0065 
50.285000000000004 
50.009 
49.997 
-49.7745 
50.222 
35.0925 
35.2355 
50.2275 
49.996 
50.138 
49.993 
50.1465 
50.052 
35.128 
50.095 
-49.7265 
50.0495 
-49.945 
-49.6055 
50.0175 
35.0065 
50.0265 
-49.9725 
50.0325 
50.0035 
-49.908 
50.0515 
50.016 
50.181 
50.0175 
50.1545 
50.0435 
-49.981 
50.0775 
50.051 
50.01 
-49.9715 
50.011 
50.1115 
-49.6175 
50.197 
50.0255 
-49.761 
49.9935 
50.1675 
50.1 
50.0705 
50.0555 
50.091 
50.146 
49.994 
50.3195 
49.9985 
50.046 
50.003 
50.181 
50.0685 
-49.8975 
50.041 
50.0505 
50.0275 
-49.865 
-49.947 
-49.947 
-49.838 
50.016 
49.991 
50.0115 
50.1215 
35.104 
50.179 
50.01 
50.2175 
-49.9445 
50.101 
49.994 
49.991 
-49.9945 
35.2185 
50.18 
-49.992 
50.0145 
50.0095 
50.094 
50.058 
50.1165 
50.1405 
50.0115 
-49.511 
-50.016 
50.0565 
35.221000000000004 
50.043 
50.145 
50.063 
50.148 
50.135 
50.0685 
-49.963 
50.007 
50.171 
-49.987 
50.06 
-49.975 
49.999 
50.0525 
50.2395 
49.9995 
50.0075 
50.137 
49.9915 
50.0495 
50.123 
50.1025 
50.2235 
50.0 
50.1945 
50.117 
-49.996 
50.1865 
50.1665 
50.0355 
-49.714 
-49.543 
50.062 
50.1 
50.065 
-49.8475 
35.0095 
50.205 
50.0955 
50.1525 
50.1675 
50.0055 
-29.796499999999998 
-49.9555 
50.092 
-49.755 
50.053 
-49.968 
50.0125 
50.0865 
-49.7655 
35.094 
35.055 
50.01 
-49.803 
50.029 
50.0675 
35.1655 
50.197 
50.1835 
50.01 
-49.993 
50.0255 
-49.7975 
50.0165 
-49.936 
35.2205 
50.202 
35.029 
50.16 
49.987 
50.0095 
50.114 
-49.8995 
-49.8335 
50.0115 
50.1155 
50.123 
-49.338 
50.1355 
50.161 
50.2235 
50.207 
50.013 
50.1615 
50.027 
-49.5495 
50.0255 
50.066 
50.1505 
50.0525 
-49.597 
50.146 
50.1495 
50.025 
50.0265 
50.2415 
50.068 
50.0405 
50.209 
49.9955 
-49.9665 
50.072 
50.007 
50.231 
34.9985 
49.9905 
50.074 
-49.7045 
-49.752 
-49.8565 
-49.7765 
50.003 
50.02 
-49.9805 
50.073 
-49.798 
50.1085 
50.123 
-49.6875 
50.2115 
50.021 
50.111 
-49.5085 
35.014 
50.026 
50.1795 
-49.984 
50.141 
-49.992 
35.2305 
-49.714 
50.076 
50.0425 
35.004 
-49.7315 
50.252 
50.01 
50.0525 
34.9915 
50.0015 
50.0095 
-49.6315 
50.2485 
-49.75 
50.096 
50.087 
49.9915 
-49.199000000000005 
-49.737 
50.002 
50.121 
-49.7855 
50.179 
-49.3745 
50.1155 
50.054 
35.161 
50.123 
50.187 
50.1545 
50.0535 
50.156 
-49.8075 
-49.8655 
50.1295 
50.121 
50.1685 
50.0565 
50.0905 
49.9945 
50.147 
-49.605 
-49.9995 
50.1145 
50.186 
49.9985 
50.003 
50.015 
50.062 
50.074 
35.176 
50.042 
50.0825 
-49.789 
50.018 
50.113 
50.031 
50.183 
50.184 
50.005 
50.0515 
50.0815 
50.0785 
50.045 
35.241 
50.055 
49.9955 
50.23 
35.079 
49.9975 
50.159 
50.032 
-49.452 
35.0185 
50.0865 
-49.3585 
35.0785 
35.042 
-49.9975 
-49.9915 
50.061 
50.2175 
50.1005 
50.0065 
50.078 
50.1995 
35.2805 
50.2135 
35.2215 
35.057 
35.1025 
-49.855 
50.038 
50.061 
50.1475 
50.036 
-49.61 
35.1005 
50.006 
-49.7125 
50.026 
49.9955 
50.0135 
50.0025 
50.111 
35.001 
-49.959 
50.0495 
50.0295 
35.0035 
50.175 
49.9895 
50.0305 
49.99 
50.0035 
-49.8295 
50.047 
50.0455 
50.087 
50.0365 
-49.17100000000001 
50.076 
-49.8945 
-49.931 
35.1075 
50.1685 
50.0005 
50.1175 
-49.7965 
50.0 
-30.0165 
50.0395 
35.108 
50.061 
50.01 
-49.8845 
49.99 
50.137 
50.062 
-49.348 
-49.689 
50.024 
50.057 
50.07 
-49.6375 
50.027 
49.9955 
-49.7275 
50.0365 
49.9975 
50.026 
50.146 
50.1885 
50.0645 
50.1205 
50.0215 
50.057 
-49.9915 
-49.98 
50.0075 
50.134 
-49.8575 
50.2185 
-49.9355 
49.9955 
50.109 
-49.986 
-49.9455 
50.105 
50.0175 
50.263 
-49.7635 
-49.996 
-49.5715 
-49.773 
-49.923 
50.188 
50.0375 
-49.9585 
50.0125 
35.1045 
-49.988 
50.0165 
-49.665 
50.0535 
50.1705 
50.008 
50.086 
49.99 
50.0215 
50.027 
-49.907 
-49.6005 
34.991 
-49.958 
-49.763 
50.0125 
50.008 
50.063 
-49.7495 
35.017 
-49.9015 
50.0085 
50.2105 
50.2505 
50.0125 
-49.9345 
-49.8315 
50.069 
35.168 
50.0125 
50.165 
50.038 
50.011 
-49.9455 
-49.776 
35.1945 
50.0005 
49.997 
50.192 
50.1615 
50.056 
50.253 
50.0985 
50.046 
50.0045 
50.2345 
50.1325 
-49.8625 
50.0435 
49.984 
-49.7045 
50.217 
-49.8735 
-49.7865 
50.138 
50.0045 
50.0655 
50.008 
50.034 
49.9945 
-49.9885 
-49.978 
50.1745 
50.093 
-49.971 
50.173 
50.0495 
-49.9945 
35.141 
35.0015 
35.025 
-49.209 
-49.957 
50.0055 
-49.6835 
-49.7065 
50.142 
50.1495 
50.113 
-49.2745 
-49.93 
50.1485 
50.123 
50.053 
50.066 
50.0395 
50.005 
50.0105 
-49.893 
49.9925 
50.0235 
50.2025 
49.999 
-49.712 
50.1155 
50.132 
-50.0135 
50.0265 
50.1385 
50.105 
-49.611 
-49.6435 
50.2015 
-49.914 
49.999 
35.1875 
-49.9565 
50.065 
35.2705 
50.0275 
50.007 
-49.93 
-49.8205 
50.0525 
35.1805 
50.218 
49.9875 
50.076 
-49.264500000000005 
50.183 
35.0235 
49.9965 
50.1335 
50.0195 
50.056 
-49.9775 
50.2695 
50.0025 
50.023 
50.0075 
35.1395 
50.047 
49.987 
50.2035 
50.151 
-49.447 
-49.726 
50.001 
-49.541 
50.236 
-49.833 
50.0 
35.132 
-49.9745 
50.05 
49.9915 
-49.744 
50.023 
-49.509 
50.002 
50.181 
50.0335 
50.149 
-49.7725 
-49.7145 
50.0205 
50.159 
50.005 
50.0105 
-49.961 
50.025 
50.195 
50.1715 
-49.652499999999996 
-49.420500000000004 
50.072 
50.143 
50.0065 
50.0665 
49.9975 
35.0285 
50.2325 
49.99 
50.0085 
50.035 
50.0025 
50.1645 
-49.741 
50.066 
50.1305 
49.9905 
50.037 
50.0405 
50.0705 
49.9795 
50.164 
50.0105 
50.045 
-49.4455 
50.04 
49.998 
35.1185 
49.994 
50.0245 
50.0485 
50.0 
50.0575 
50.149 
50.1015 
50.112 
-49.821 
50.0065 
35.1795 
-49.951 
50.377 
50.168 
50.0955 
50.231 
50.23 
50.0155 
50.0045 
49.9925 
50.0645 
35.19 
50.0115 
35.0035 
35.0295 
50.1455 
50.014 
50.016 
-49.9235 
50.0405 
50.0815 
50.0225 
50.0745 
-49.9435 
50.0005 
50.3375 
50.1105 
-49.573 
50.219500000000004 
49.9995 
49.992 
50.002 
-49.984 
49.994 
50.1385 
35.0155 
50.0375 
35.0015 
50.219500000000004 
50.13 
50.1345 
35.0705 
-49.9335 
-49.7955 
50.2525 
-49.639 
50.0775 
49.9975 
49.997 
50.036 
-49.777499999999996 
-49.786 
49.999 
34.998 
50.1255 
-49.8945 
50.007 
50.027 
35.173 
49.999 
-49.8465 
-49.9575 
-49.307 
50.1075 
-49.471000000000004 
-49.802 
-49.5395 
50.006 
49.9935 
-49.555 
-49.823 
50.053 
-49.727 
50.093 
-49.7515 
50.0405 
50.0525 
50.02 
50.093 
-49.9665 
-49.6625 
-49.99 
50.0355 
50.0025 
50.253 
50.075 
34.992 
-49.9405 
49.998 
50.188 
-49.7375 
35.058 
35.0045 
50.0 
35.172 
-49.586999999999996 
50.2445 
-49.959 
50.0085 
35.079 
-49.74 
34.997 
50.185 
-49.56 
-49.7685 
50.083 
-49.6235 
50.1175 
50.035 
35.0325 
-49.4125 
50.117 
-49.8 
50.062 
50.1925 
50.0295 
50.0995 
50.1125 
50.056 
-49.901 
-49.527 
50.158500000000004 
-49.837 
35.0275 
50.0075 
49.995 
49.998 
50.0 
49.9975 
50.0325 
50.091 
35.054 
-49.8965 
50.0955 
50.148 
50.045 
49.993 
49.9845 
-29.404500000000002 
35.0015 
-49.724 
50.096 
49.9825 
49.9975 
49.995 
50.001 
50.001 
50.112 
-49.9575 
50.0605 
50.0495 
-49.9565 
-49.9735 
50.039 
50.032 
50.231 
-50.018 
-49.252500000000005 
-49.879 
50.038 
50.0825 
-49.96 
35.214 
35.0955 
50.1555 
-49.847 
50.057 
35.2595 
50.099 
49.982 
50.07 
50.208 
49.9815 
50.21 
50.173 
50.022 
50.0555 
49.9965 
50.2265 
50.238 
50.2325 
49.9975 
-49.877 
50.135 
-49.2875 
-49.454 
-49.486 
50.0035 
49.998 
50.209 
50.186 
-49.905499999999996 
50.051 
35.0135 
50.1845 
49.993 
50.002 
50.041 
50.165 
35.209 
34.998 
49.993 
50.1195 
50.0495 
-49.9345 
-49.755 
50.0875 
50.098 
35.0135 
50.1635 
-49.6825 
50.0055 
50.003 
35.1865 
49.9995 
50.15 
-49.6865 
50.0645 
49.9965 
50.006 
35.144 
35.1065 
35.033 
49.9905 
-49.681 
49.9975 
50.0055 
50.0235 
35.0725 
50.2395 
49.996 
50.0145 
50.268 
50.032 
50.0065 
50.0505 
35.012 
50.0035 
35.131 
50.1155 
50.026 
50.1745 
50.0445 
50.0035 
-49.365 
35.107 
50.017 
-49.772 
50.093 
50.04 
50.0785 
49.994 
-49.381 
50.2095 
-49.818 
50.162 
50.0595 
49.975 
50.027 
50.033 
35.1155 
50.0325 
50.1235 
35.0 
-49.798 
50.049 
-49.823 
50.0425 
50.0105 
